(487656, [43, 7, 54, 3, 6, 28]) false
(65816524826, [3, 29, 7, 451, 5, 64, 26, 1, 1, 9]) false
(90059295, [900, 1, 592, 92]) false
(2109036, [59, 8, 133, 7, 83, 1, 6]) true
(191815905829, [7, 4, 2, 7, 1, 979, 9, 8, 1, 638, 9]) false
(289979206, [49, 587, 234, 9, 206]) false
(26683869669, [51, 654, 837, 8, 69]) false
(829027, [827, 34, 83, 85, 2, 5]) false
(1182822246, [41, 2, 7, 40, 8, 6, 839, 7, 4, 8]) false
(12212256, [8, 4, 31, 4, 1, 7, 655, 4, 9, 6, 8, 7]) false
(576756972, [599, 5, 8, 6, 7, 5, 43, 4, 9, 11, 4]) true
(3209617432982, [2, 5, 9, 3, 4, 2, 5, 4, 6, 330, 706]) false
(11368725, [13, 94, 9, 520, 2, 13, 87]) false
(3029408, [3, 3, 3, 41, 4, 2, 6, 36, 51, 18, 8]) true
(486, [4, 59, 29]) false
(1593, [8, 2, 4, 868, 606, 98]) false
(1104643681, [742, 52, 44, 50, 8, 5, 714, 1]) true
(8927181334, [941, 8, 7, 94, 1, 319, 16]) false
(3250434202409, [861, 758, 59, 6, 31, 83, 5, 6]) false
(35658010977, [59, 43, 60, 10, 974]) false
(13458, [5, 8, 7, 4, 24, 342, 3, 2, 7, 8, 5, 3]) true
(8144, [7, 68, 861, 91, 984, 4, 97, 3]) true
(475875, [45, 6, 620, 4, 705]) true
(28086984, [5, 4, 41, 79, 9, 7, 3, 6, 8, 3, 6, 4]) true
(97776, [6, 3, 9, 6, 57, 679]) false
(14925208480, [7, 4, 195, 7, 64, 6, 55, 5, 5, 91]) false
(57558888, [2, 416, 7, 209, 9, 3, 8, 7, 1, 9]) true
(1736849, [4, 706, 205, 11, 3, 49, 7]) true
(640579, [59, 7, 227, 420, 160]) false
(60858, [40, 4, 918, 49, 54]) true
(7365, [83, 4, 1, 28, 64, 5]) true
(15397, [4, 5, 69, 387, 623, 5]) false
(127899, [5, 22, 71, 66, 902, 475]) true
(8711335855, [8, 711, 335, 85, 8]) false
(195276861, [5, 70, 2, 84, 9, 1, 5, 6, 1, 519]) false
(35544, [19, 78, 6, 345, 9]) true
(33213952, [81, 1, 9, 5, 3, 4, 5, 62, 93, 38, 8]) false
(579887, [61, 2, 65, 8, 78, 76, 9]) false
(15883, [40, 1, 356, 4, 5]) false
(202227810, [7, 2, 8, 838, 7, 3, 1, 4, 22, 885]) false
(653556, [438, 2, 239, 848, 428]) false
(8948, [3, 9, 6, 95, 320, 2, 7, 847, 23]) true
(6454, [4, 5, 7, 11, 4, 770, 7]) true
(443390739223, [9, 332, 13, 907, 39, 222]) false
(641557432, [63, 634, 521, 7, 430]) false
(782, [2, 68, 43, 595, 74]) true
(1331712, [1, 7, 26, 192, 204]) true
(129463, [4, 4, 5, 97, 9, 6, 4, 975, 2, 24, 1]) false
(221177258, [168, 8, 15, 525, 31, 8]) false
(15537453, [901, 6, 3, 3, 5, 3, 957, 558]) true
(12763566858, [1, 6, 641, 895, 618, 83, 6]) true
(2074806937, [2, 78, 7, 90, 1, 6, 76, 9, 5, 4, 1, 7]) false
(1069, [4, 2, 5, 2, 989]) true
(129802, [3, 61, 7, 5, 619, 41, 611]) false
(201600485201, [3, 800, 84, 485, 1, 202]) false
(259752, [4, 49, 8, 8, 4, 67, 76, 2, 8, 888]) true
(472128, [31, 9, 4, 37, 7]) false
(3195693, [559, 2, 70, 183, 81]) true
(49176380250, [9, 5, 2, 7, 89, 9, 873, 9, 725]) true
(982, [3, 79, 64, 293, 6, 24, 356]) false
(6478268, [64, 734, 2, 46, 6, 9]) false
(253809852, [64, 340, 72, 4, 3, 9, 94, 6]) true
(751, [6, 44, 86, 5, 71]) true
(236658240, [43, 28, 35, 6, 936]) true
(43192, [42, 3, 8, 9, 1]) false
(340408, [2, 32, 10, 4, 10, 1]) false
(7686, [2, 7, 29, 30, 93, 48, 6]) true
(4243124889, [1, 8, 133, 26, 303, 9, 87, 74]) false
(856, [9, 3, 63, 87, 5, 1, 8]) false
(28033586941, [28, 52, 4, 4, 57, 98, 9, 37, 6]) false
(202380939, [2, 559, 3, 4, 6, 9, 6, 5, 39, 8, 2, 1]) false
(10392264, [2, 988, 37, 94]) false
(8032464, [3, 56, 28, 2, 455, 73, 198]) true
(622349387, [3, 823, 6, 2, 2, 4, 3, 21, 9, 1, 9]) false
(1651, [9, 7, 44, 58, 1]) false
(66060, [364, 515, 25, 45, 3]) true
(13444, [7, 7, 9, 651, 4]) false
(15431035, [22, 100, 4, 6, 8, 3, 99, 2, 2, 7]) false
(480690, [7, 82, 51, 5, 763]) true
(29549163, [29, 5, 49, 131, 32]) false
(17720382, [43, 55, 71, 4, 4, 382]) false
(1059, [2, 111, 5, 9]) false
(21045024, [27, 7, 839, 1, 2, 88, 3, 91]) true
(294336, [98, 3, 634, 80, 73, 4]) true
(6896, [6, 3, 10, 246, 6]) false
(18821762, [20, 1, 23, 85, 389]) false
(33401, [93, 50, 108, 7, 79, 16]) true
(4664286286, [9, 64, 3, 2, 48, 57, 6, 93]) false
(2931104, [76, 66, 645, 7, 32]) true
(28566, [8, 2, 9, 9, 5, 3, 4, 5, 708, 8, 4, 9]) false
(3198, [8, 6, 251, 87, 964, 2, 422]) false
(1040, [3, 37, 9, 38, 3]) true
(187968, [444, 3, 808, 881, 88]) false
(362576, [50, 9, 8, 89, 4, 77, 87]) false
(4992215, [126, 2, 5, 6, 75, 7, 58, 53, 39]) true
(2006981, [1, 9, 6, 93, 774]) false
(9793996248, [3, 6, 5, 8, 6, 83, 1, 99, 4, 251]) false
(30613341465, [8, 1, 746, 363, 305, 99, 5, 7]) false
(2137289544, [571, 744, 3, 129, 13]) true
(107872380, [8, 33, 5, 493, 2, 8, 7, 9, 5, 9, 5, 9]) false
(4373193255, [9, 49, 911, 933, 3, 235]) false
(223250, [4, 1, 9, 190, 950]) false
(100379, [9, 985, 1, 93, 435]) false
(53675254, [4, 48, 4, 1, 41, 3, 7, 465, 68]) false
(48870, [664, 8, 6, 2, 2, 3, 2, 3, 3, 440, 1]) false
(32167, [5, 7, 919]) false
(268259340, [1, 50, 892, 2, 9, 1, 1, 527]) false
(44339505, [17, 46, 315, 6, 18]) false
(31750808, [3, 16, 9, 2, 13, 7, 7, 6, 6, 10, 91]) false
(728057579, [93, 12, 41, 817, 3, 3, 69, 77]) true
(392, [5, 3, 1, 7, 7]) true
(638, [7, 56, 2, 4, 2]) false
(108204960, [770, 877, 8, 983, 160]) true
(3444301, [73, 40, 6, 5, 2, 46, 1, 729, 3, 1]) false
(14229, [21, 1, 151, 22, 75, 9, 51]) false
(19262701, [7, 3, 9, 971, 182]) false
(1672476, [200, 3, 4, 39, 71]) true
(1618766643, [4, 7, 3, 77, 1, 87, 589, 5, 7, 39]) true
(1248218882, [683, 97, 4, 547, 4, 82]) false
(389845651483, [62, 3, 1, 5, 4, 5, 6, 8, 2, 5, 1, 782]) false
(324944, [6, 26, 4, 94, 1]) false
(1166018, [96, 97, 118, 8, 75, 6, 51, 4, 1]) true
(525, [75, 1, 7, 1]) true
(52924, [7, 3, 3, 75, 504, 4]) true
(545733410, [1, 3, 6, 99, 9, 5, 33, 337, 4, 62]) false
(8387390987, [7, 202, 984, 59, 677, 75]) false
(2116285, [4, 690, 2, 6, 15, 31, 221, 82]) false
(36525, [90, 69, 7, 22, 5]) false
(24147338178, [67, 6, 45, 563, 63, 6]) false
(13, [1, 4, 6]) false
(16360, [2, 29, 429, 51, 32, 8]) true
(97492862, [406, 22, 24, 1, 64]) false
(146228, [86, 17, 28]) false
(7743, [75, 3, 1, 9, 3, 9, 3]) false
(9883297, [7, 9, 32, 57, 86, 865]) true
(973916, [7, 9, 119, 73, 7, 94, 823, 55]) true
(153506360, [4, 5, 73, 47, 569, 22, 35, 1, 2]) true
(772201, [771, 1, 187, 13]) false
(87872992470, [7, 53, 29, 8, 4, 2, 353, 3, 5, 53]) false
(7819821990, [965, 41, 9, 9, 98, 8]) false
(496991, [6, 20, 7, 8, 43, 2]) false
(21834361, [6, 879, 460, 3, 3]) false
(35172, [793, 736, 23, 4, 1]) true
(875355, [249, 37, 95, 47, 9, 64]) true
(386571, [2, 193, 5, 36, 8, 7, 4, 9, 3, 6, 1]) false
(23822642473, [76, 773, 81, 5, 811, 9, 8]) false
(819963721093, [9, 287, 26, 36, 8, 82, 1, 517]) true
(88156679373, [881, 56, 677, 2, 373]) false
(294634, [44, 6, 124, 9, 7]) false
(412056335, [890, 75, 61, 191, 7]) false
(250582082, [9, 1, 3, 92, 1, 6, 14, 8, 20, 76, 3]) false
(30820812, [4, 136, 1, 2, 56, 8, 6, 9, 7, 3, 2, 3]) true
(1159209247, [57, 81, 840, 92, 44]) false
(93114, [231, 67, 1, 42, 6]) true
(1427, [76, 568, 7, 502, 9, 197, 68]) true
(33487272395, [418, 5, 909, 8, 395]) false
(21155, [53, 906, 6, 3, 1, 942, 13, 11]) false
(798093, [7, 17, 74, 41, 81, 972]) false
(35354, [7, 1, 1, 350, 733, 1, 6, 1, 6, 7, 5]) false
(3290573, [8, 9, 55, 9, 3, 8, 7, 5, 113, 2, 5, 8]) true
(37126311681, [371, 26, 311, 65, 4, 27]) false
(444, [9, 6, 5, 6, 90]) true
(1494832626631, [2, 521, 4, 68, 5, 3, 7, 1, 6, 26, 3]) false
(125403, [17, 90, 1, 5, 7]) false
(7573005, [708, 7, 90, 2, 4, 3, 4, 4, 73, 5]) false
(228697, [7, 9, 67, 537, 59, 45, 7, 7]) true
(26150462601, [20, 754, 3, 354, 126]) false
(8337405, [81, 96, 92, 8, 8, 8]) false
(10828266, [2, 5, 82, 7, 7, 5, 68]) false
(384887472, [3, 1, 54, 3, 102, 8, 6, 6, 4, 823]) false
(733, [2, 3, 82, 1, 51]) false
(218975073, [9, 9, 218, 3, 4, 9, 57, 9, 50, 74]) false
(2168082697, [1, 2, 6, 2, 6, 2, 6, 68, 3, 692, 2, 4]) false
(173421503, [20, 9, 9, 791, 6, 19, 14, 4]) false
(2971254430, [550, 1, 9, 6, 71, 2, 8, 8, 5, 5, 5]) false
(73191888, [3, 161, 46, 63, 154]) true
(613824, [5, 3, 5, 2, 3, 3, 2, 2, 11, 1, 71, 4]) false
(1890989, [1, 6, 83, 2, 824, 3, 5, 346, 99]) true
(7440, [1, 7, 5, 2, 30, 30, 6, 5, 4, 8, 668]) true
(16968, [2, 2, 8, 5, 42, 194, 8, 400, 1, 7]) true
(77440, [7, 4, 38, 14, 968]) true
(3562, [693, 992, 2, 184, 7]) false
(48049, [7, 833, 8, 4, 1, 456, 940]) true
(664, [6, 8, 317, 1, 2]) true
(1031, [8, 8, 87, 304, 55, 521]) true
(1621533120, [368, 412, 69, 31, 5]) true
(391002, [87, 195, 31, 4, 1, 23, 2]) true
(6318279, [6, 6, 629, 837, 2, 517, 4, 80]) false
(471816, [9, 5, 9, 397, 8, 5, 4, 528, 6, 3, 1]) true
(10005410, [8, 186, 9, 2, 336]) false
(19417, [92, 6, 18, 74, 1, 4, 18]) false
(44968, [5, 2, 3, 3, 76, 7, 3, 80, 2, 1, 8, 7]) true
(395093631, [9, 8, 554, 9, 9, 9, 2, 8, 6, 3, 84, 7]) false
(99600, [33, 6, 503, 6]) true
(594646, [660, 4, 1, 6, 5, 1, 5, 3, 8, 6, 3]) false
(133110, [5, 9, 9, 4, 549, 174]) true
(6604888205293, [2, 20, 89, 92, 710, 8, 299]) false
(6696448082514, [3, 608, 29, 8, 80, 825, 14]) false
(177053, [91, 77, 58, 93, 555, 8]) true
(576, [2, 38, 14, 9, 7]) true
(162888, [60, 12, 2, 1, 905, 80, 5]) false
(7605, [626, 122, 773, 5]) true
(11725560820, [72, 37, 90, 44, 823]) false
(8201356028, [593, 461, 5, 46, 5, 37, 60, 6]) false
(24278472, [741, 12, 39, 41, 7, 3, 6, 404]) false
(3208850, [6, 7, 4, 145, 100, 7, 2, 4, 4, 3, 5]) false
(559921158, [7, 2, 3, 12, 11, 8, 6, 56, 64, 4, 1]) false
(32011, [31, 9, 8, 11]) false
(446283, [3, 58, 4, 84, 42, 9, 9, 618, 3]) true
(86535563, [8, 6, 535, 56, 1]) false
(21573728, [7, 49, 8, 8, 8, 2, 7, 4, 272, 734]) true
(26121816, [2, 254, 8, 44, 181, 3, 1]) false
(45950642, [25, 4, 6, 82, 498, 5, 5, 84, 57]) false
(869176, [128, 679, 1, 55]) false
(449486, [848, 529, 64, 2, 828]) true
(1279220996, [9, 4, 173, 133, 708, 47, 65]) false
(287825, [3, 4, 890, 244, 839, 29, 5]) true
(17180433987, [6, 61, 91, 3, 798, 37, 9, 987]) false
(29106000, [306, 5, 64, 6, 3, 8, 7, 1, 77]) true
(68117, [97, 1, 3, 1, 7]) false
(40180569020, [574, 70, 5, 6, 450, 451, 8]) false
(2143936, [357, 3, 6, 92, 43]) false
(4875, [343, 13, 8, 11, 397]) true
(42041436, [564, 4, 12, 7, 37, 19, 2, 2]) false
(556416, [9, 8, 69, 8, 14]) true
(6836490, [98, 581, 4, 64, 88, 2]) false
(84747525, [20, 4, 56, 4, 5, 345]) false
(873095872, [2, 2, 850, 9, 4, 9, 5, 3, 6, 6, 8, 72]) false
(3438425675, [6, 50, 614, 1, 25, 630, 44]) false
(491, [80, 54, 3, 7, 83]) false
(665419100327, [608, 965, 97, 15, 751]) false
(82080, [9, 675, 4, 5, 6]) true
(1026, [8, 5, 67, 89, 338, 5, 444]) false
(178844, [4, 5, 9, 5, 9, 3, 15, 58, 57, 91]) false
(61341, [32, 59, 674, 4]) false
(291966364, [81, 53, 61, 7, 6, 68]) false
(9182225, [5, 8, 2, 5, 85, 6, 2, 4, 56, 4, 6, 17]) true
(1147150, [67, 868, 5, 35, 3, 9, 291, 9, 1]) true
(13716, [17, 2, 25, 4, 4]) false
(11424, [18, 10, 8, 36, 51]) true
(4816, [35, 46, 858, 412]) false
(957272, [3, 3, 29, 2, 72]) false
(41212589, [5, 512, 6, 7, 6, 3, 763, 4, 5, 86]) false
(158464, [76, 417, 5, 4]) true
(1899297, [35, 6, 80, 579, 153, 9, 15]) true
(4542, [9, 36, 41]) false
(49681112, [496, 811, 1, 1]) false
(126875993924, [28, 5, 97, 33, 249, 7, 9, 8, 9]) false
(59432, [82, 618, 589, 3, 46]) true
(1016349250, [8, 741, 22, 269, 635]) true
(30395070, [3, 5, 6, 457, 739]) true
(45556, [361, 649, 45, 9, 97]) true
(92791573, [4, 624, 8, 2, 290, 5, 56, 8, 2, 1]) false
(192370728450, [85, 154, 835, 5, 8, 2, 22, 8]) false
(5798, [8, 8, 288, 11, 12, 34, 4, 5, 4]) false
(9255060, [8, 6, 9, 1, 59, 48, 4, 27, 87]) true
(44320, [74, 617, 1, 64, 95, 1]) true
(1046885, [993, 8, 530, 76, 8]) false
(363673109052, [11, 62, 2, 264, 9, 43, 2, 618]) false
(269281880, [44, 8, 8, 5, 48, 4, 71, 25, 5]) false
(21918616, [2, 1, 6, 7, 297, 82, 258, 4]) false
(215370680, [3, 3, 5, 153, 69, 3, 343, 980]) false
(1318736, [996, 82, 745, 4, 16]) true
(411709059, [71, 2, 7, 6, 4, 8, 6, 5, 721, 5, 30]) false
(210420, [944, 233, 927, 1, 6, 7]) false
(9776548567374, [618, 87, 506, 593, 606, 4]) false
(19045689, [12, 987, 67, 39, 41]) true
(1554578, [2, 536, 69, 3, 81, 7, 3, 677]) false
(1000961176548, [340, 8, 92, 26, 3, 4, 4, 545]) false
(10871, [1, 6, 6, 86, 73]) false
(191102, [72, 966, 79, 9, 5, 19]) true
(6448039, [9, 912, 7, 974, 65]) false
(127875318282, [151, 675, 17, 18, 697]) false
(67622755305, [88, 530, 88, 868, 8, 3, 18, 5]) false
(1068000311359, [6, 3, 4, 2, 5, 60, 8, 3, 1, 1, 353, 5]) false
(466005, [1, 9, 608, 87, 661]) true
(430651, [2, 3, 8, 9, 5, 5, 6, 162, 404, 2, 7]) false
(1773856371877, [126, 7, 5, 20, 7, 929, 68, 4, 7]) false
(528, [6, 1, 63, 82, 5]) false
(140593361, [95, 522, 1, 1, 9, 9, 1, 35, 6]) true
(7544102747, [47, 4, 209, 2, 3, 8, 8, 3, 3, 8, 5, 4]) false
(8634559, [85, 78, 56, 479, 80]) false
(62905, [909, 150, 59, 2, 422]) true
(292589, [1, 2, 7, 9, 386, 8, 3, 3, 4, 710, 7]) true
(446, [430, 14, 2]) true
(170800, [5, 7, 3, 8, 6, 38, 13, 762, 8, 1, 7]) true
(6819, [93, 67, 485, 94, 9]) true
(76499651, [114, 54, 69, 234, 6, 3, 2, 7]) false
(31731255, [7, 9, 524, 6, 7, 751]) false
(7715, [952, 360, 5, 546, 601, 8]) true
(307120629, [4, 515, 7, 7, 6, 973, 2, 2, 628]) false
(267, [7, 46, 80, 55, 79]) true
(2614399, [6, 6, 298, 156, 9, 478, 6, 91]) false
(1116203161, [890, 226, 20, 31, 59]) false
(171867043, [2, 604, 22, 86, 6, 4, 90, 3]) false
(4371039, [125, 5, 233, 4, 57, 5, 6, 459]) true
(845076971948, [332, 3, 6, 986, 418, 86]) false
(70116840, [13, 860, 1, 7, 3, 6, 1, 67, 57]) true
(951088124811, [444, 7, 1, 13, 1, 1, 6, 76, 1, 51]) false
(1373244, [915, 42, 5, 38, 3]) false
(82513, [9, 33, 711, 4, 109]) true
(45144, [22, 7, 170, 86, 9]) true
(61041, [8, 8, 2, 25, 8, 7, 1, 469, 9, 65]) false
(378239, [30, 58, 645, 86, 6, 8]) false
(1984785, [5, 5, 9, 7, 3, 4, 33, 724, 8, 204]) false
(413932290441, [3, 3, 88, 1, 92, 83, 2, 1, 2, 8, 4, 1]) false
(598070, [847, 70, 511, 9, 52]) false
(26558, [4, 152, 6, 70, 3, 1, 72, 7, 1, 7, 1]) true
(24463936, [6, 5, 128, 812]) false
(211343, [78, 33, 1, 8, 14, 445, 2, 38, 5]) false
(60353407, [94, 2, 6, 32, 638, 59, 7, 702]) false
(467747, [4, 22, 37, 8, 747]) false
(115242958, [38, 414, 3, 956]) false
(2230448, [9, 5, 106, 5, 5, 6, 5, 39, 4, 638]) true
(58344, [2, 53, 374, 1, 17, 8]) true
(131586, [3, 599, 5, 8, 22, 1, 768, 7, 33]) false
(11867403510, [51, 88, 520, 46, 565, 9]) true
(79235, [22, 50, 9, 8, 32]) false
(15889035, [45, 57, 1, 98, 7, 74, 849, 1]) true
(18966, [21, 9, 629, 19, 77]) true
(8988082, [898, 807, 8, 4]) false
(54296660630, [31, 5, 58, 26, 8, 660, 627]) false
(6454981800, [7, 838, 9, 872, 6, 7, 9, 49, 2, 9]) false
(403020, [875, 2, 349, 8, 2, 1, 2, 6]) true
(3060222, [30, 587, 10, 523, 989]) false
(5310339307, [65, 6, 14, 26, 831, 895, 9]) false
(17409, [9, 47, 5, 788, 9]) false
(206, [41, 63, 88, 14]) true
(129745960037, [73, 3, 4, 652, 5, 2, 7, 907, 4, 5]) false
(4048704, [30, 5, 746, 81, 64]) false
(30240015, [93, 75, 25, 270, 8, 2, 15]) true
(8036956, [8, 2, 85, 1, 4, 1, 82, 7, 9, 1, 5, 2]) true
(5343, [3, 89, 2, 3]) false
(123430233768, [974, 88, 3, 436, 4, 1, 3, 8, 4, 6]) false
(99212258, [83, 4, 32, 61, 2, 36, 968]) false
(57318, [46, 2, 9, 302, 3, 53, 3, 5, 229]) false
(9114, [329, 3, 309, 6, 7]) true
(1913560, [7, 797, 7, 34, 1, 40]) false
(17631, [12, 837, 871, 43, 1]) false
(4398351732, [10, 93, 146, 618, 69]) false
(231244830, [7, 217, 7, 4, 28, 927, 5, 1, 3, 8]) false
(299377898546, [8, 4, 9, 44, 2, 9, 9, 76, 7, 4, 873]) false
(365237, [64, 70, 891, 68, 8]) false
(21963729363, [3, 9, 3, 8, 8, 2, 52, 5, 7, 293, 63]) false
(577636309, [736, 90, 927, 86, 1, 84, 24]) false
(4701436152, [3, 2, 61, 9, 6, 5, 63, 1, 7, 23, 5, 5]) false
(18319317, [619, 52, 3, 3, 569, 6, 8, 917]) true
(8517034175, [73, 2, 7, 85, 75, 2, 1, 34, 177]) false
(15873587, [29, 42, 36, 1, 2, 181, 249]) true
(3612897, [5, 44, 4, 564, 834, 3, 9]) true
(7525784, [8, 9, 6, 1, 81, 5, 163, 1, 9, 37, 2]) true
(9418627, [269, 1, 7, 5, 5, 7, 5]) false
(600805, [81, 7, 62, 4, 780, 25]) false
(3840018, [5, 400, 6, 55, 621, 41, 84, 3]) true
(14562, [3, 88, 55, 6, 36]) true
(2245654, [655, 3, 43, 5, 82, 34, 56]) false
(211, [4, 33, 1, 79]) true
(1397321, [35, 3, 5, 6, 789]) false
(8765, [6, 1, 863, 7, 5, 1]) false
(147924179, [581, 67, 22, 38, 743]) false
(11728, [871, 301, 8]) false
(3788177177, [2, 5, 12, 874, 3, 74, 717, 7]) false
(61232430241, [8, 60, 89, 4, 8, 2, 1, 8, 550, 8, 1]) false
(1956156160, [244, 51, 952, 8, 10]) false
(2122390874, [14, 7, 22, 390, 874]) false
(17888, [80, 211, 919, 6, 83]) true
(6350878370, [720, 7, 57, 7, 89, 8, 1, 2, 371]) false
(5455889563, [81, 9, 3, 9, 7, 748, 3]) false
(102, [7, 10, 3, 82]) true
(94821797128, [9, 474, 4, 3, 6, 834, 4, 4, 4, 4, 4]) false
(5891846934, [4, 7, 850, 9, 18, 3, 9, 7, 2, 936]) false
(286026, [9, 77, 28, 5, 62, 6, 13]) true
(317614, [6, 68, 74, 92, 821, 22]) true
(468024, [813, 80, 7, 65, 3, 8]) true
(1676819, [159, 13, 8, 97, 40, 6, 256]) false
(2683103744, [9, 1, 78, 6, 9, 8, 453, 1, 2, 80, 7]) false
(3877066, [24, 853, 39, 4]) false
(20088, [33, 97, 3, 425, 36]) true
(216166095, [4, 310, 2, 7, 5, 2, 8, 5, 23, 865]) true
(492008, [8, 93, 76, 6, 11]) false
(19498811, [19, 498, 6, 8, 12, 9]) false
(2029193249, [56, 4, 3, 69, 34, 38, 2, 7]) false
(10937475010, [6, 75, 63, 60, 7, 643, 10]) true
(26303224269, [3, 8, 9, 4, 7, 57, 3, 77, 2, 426, 9]) false
(73291559, [21, 2, 7, 7, 304, 3, 98, 258, 3]) false
(23451137730, [2, 35, 2, 38, 72, 394, 45]) false
(7819504, [99, 631, 51, 94, 35, 1, 69]) false
(71057172, [710, 564, 7, 30, 6, 36]) false
(7171080, [223, 938, 1, 772, 93, 8]) true
(8971, [14, 9, 5, 6, 1]) false
(1447891956, [560, 90, 57, 6, 9, 84]) true
(1419987030, [1, 3, 35, 4, 7, 83, 4, 1, 8, 47, 3]) false
(1212, [2, 7, 7, 1, 240]) false
(107, [7, 2, 35]) false
(207204486, [7, 8, 8, 548, 9, 84, 3, 80, 2, 6]) true
(176080, [97, 7, 84, 68, 20]) true
(6853476, [6, 7, 1, 97, 449, 2, 3]) false
(15084, [55, 600, 4, 849, 7]) false
(559994365, [671, 4, 488, 5, 4, 6, 6, 5, 9, 85]) true
(5694276, [4, 49, 642, 6, 679, 6, 93, 82]) false
(604564037, [7, 85, 14, 81, 77]) false
(485, [12, 35, 48, 1, 7, 3, 6]) true
(32095440083, [90, 780, 381, 12, 8, 3]) false
(4710071, [59, 61, 1, 79, 8, 8]) false
(173751142, [16, 96, 2, 413, 11, 42]) false
(97369, [162, 1, 8, 569, 70]) false
(293653920, [77, 696, 3, 8, 7, 6, 1, 265, 68]) true
(128726254202, [9, 7, 6, 5, 9, 1, 8, 8, 6, 3, 40, 85]) false
(8799, [8, 72, 7, 9]) false
(57550, [781, 6, 3, 59, 2, 21, 511, 9, 2]) true
(131405072, [8, 6, 8, 765, 2, 80, 7, 4, 40, 4]) false
(131174707, [4, 363, 7, 2, 49, 30, 7, 2]) false
(183458, [9, 33, 6, 89, 468]) false
(1406, [1, 9, 4, 21, 2, 9, 6, 7, 799, 84, 5]) true
(5952266, [49, 14, 317, 5, 94]) false
(74400042, [86, 865, 9, 9, 50, 95]) false
(510815048, [7, 1, 3, 706, 1, 436, 89, 77, 8]) false
(2196481428, [2, 9, 3, 4, 1, 5, 6, 4, 75, 3, 3, 428]) false
(727, [16, 39, 4, 97, 2]) true
(46563196, [41, 4, 471, 367, 725, 19, 9]) false
(14983776037, [4, 994, 592, 30, 36]) false
(985376, [6, 4, 63, 37, 6, 1, 4]) false
(4031429, [650, 31, 7, 13, 2, 3]) false
(430736587, [7, 3, 59, 36, 586]) false
(11125343793, [9, 9, 7, 9, 288, 4, 4, 9, 6, 99, 95]) false
(1274327083900, [576, 618, 590, 26, 85]) false
(2497, [1, 88, 80, 81, 7]) false
(280368, [1, 2, 5, 3, 9, 395, 49, 5, 3, 66]) true
(265499063, [4, 1, 5, 702, 1, 6, 9, 7, 7, 5, 8, 68]) false
(126364, [1, 6, 24, 7, 8, 9, 8, 90, 8, 76]) true
(322259269026, [5, 3, 75, 25, 4, 517, 28, 56]) false
(1981800309, [16, 4, 83, 912, 951]) false
(3697416, [260, 7, 949, 5, 3, 267]) true
(5390737515, [9, 5, 8, 28, 656, 5, 16, 547, 6]) false
(7303618, [72, 96, 7, 105, 515]) false
(1421983140, [4, 38, 8, 67, 8, 6, 1, 520, 9, 6, 4]) false
(2492, [26, 45, 2, 5, 60, 81, 2, 3, 1]) true
(11194052, [7, 6, 7, 5, 8, 9, 26, 67, 69, 919]) false
(114971376580, [934, 387, 51, 87, 65, 77]) false
(83308, [257, 40, 97, 8, 292]) true
(11903198209, [72, 4, 2, 5, 6, 33, 7, 6, 9, 8, 7, 71]) true
(14816, [6, 454, 3, 8, 4]) true
(33053, [7, 6, 5, 374, 83, 517]) true
(73001511142704, [338, 8, 1, 7, 665, 9, 96, 36, 9]) false
(180317, [22, 5, 3, 6, 317]) false
(17683526, [6, 4, 3, 1, 6, 2, 9, 4, 7, 5, 9, 227]) false
(14944227, [45, 453, 14, 3, 27]) false
(1956, [491, 518, 4, 2, 464, 476, 1]) true
(5064, [93, 45, 196, 5, 678]) true
(28619025776896, [7, 8, 48, 64, 8, 581, 231, 2, 8]) false
(882450, [84, 18, 814, 9, 1, 954]) true
(718755602387, [987, 98, 75, 7, 20, 851, 97]) false
(607718, [970, 7, 3, 31, 2, 2, 9, 9]) false
(10081961, [292, 792, 93, 74, 689]) false
(72242768, [528, 3, 27, 76, 9, 6]) false
(153305614525, [37, 6, 5, 6, 6, 661, 9, 81, 6, 2, 7]) false
(16300905, [41, 719, 8, 389, 24, 69]) true
(6956, [1, 6, 7, 49, 971, 4, 2, 6, 7, 709]) true
(82397, [7, 1, 22, 93, 6, 990, 5, 2, 7, 7]) false
(207456, [2, 4, 4, 8, 76, 8, 76, 81, 5, 6, 8]) true
(7366, [8, 92, 6]) false
(7382265744, [6, 7, 5, 6, 4, 5, 3, 8, 54, 5, 8, 438]) true
(1867, [3, 949, 2, 877, 36]) true
(262198, [8, 1, 9, 4, 5, 30, 12, 10, 3, 39, 1]) true
(2140, [6, 8, 719, 407, 928, 1, 3, 68]) true
(83351738, [20, 8, 799, 652, 58]) true
(166375650665, [603, 4, 5, 84, 821, 6, 66]) false
(147066357296, [7, 35, 3, 31, 784, 2, 4, 9, 6, 1]) false
(19865687, [9, 2, 1, 2, 91, 8, 124, 7, 499]) false
(693281633, [685, 7, 792, 489, 633]) false
(654, [4, 1, 43, 201, 7]) false
(27648, [1, 6, 8, 2, 108]) false
(1544409, [28, 8, 9, 6, 4, 4, 9, 3, 793, 9, 7, 9]) true
(2146603495, [3, 68, 29, 3, 9, 17, 99, 1, 59, 5]) false
(5292, [69, 4, 11, 7, 9]) true
(3949647, [393, 3, 25, 2, 67]) false
(1300935485058, [71, 5, 6, 62, 9, 94, 800, 6, 43]) false
(605416, [34, 9, 3, 3, 3, 40, 6, 6, 40, 8, 8]) true
(9567810, [433, 969, 36, 3, 454, 63]) true
(6662189364, [322, 19, 803, 365, 226, 6]) true
(803491510, [44, 938, 447, 1, 6, 4, 46]) false
(319315026, [841, 7, 413, 1, 437, 579]) true
(21535377, [655, 8, 87, 286, 323]) false
(18604826, [4, 11, 8, 5, 968, 8, 340, 1, 2, 9]) false
(184274, [5, 233, 774, 32, 24, 6]) true
(91162855, [479, 512, 289, 19, 7, 656]) false
(79, [7, 3, 8]) false
(20469390, [22, 4, 2, 7, 8, 67, 4, 2, 9, 1, 849]) false
(52122, [81, 68, 867, 3, 3, 51]) true
(114848, [188, 63, 45, 4, 97]) true
(15043698, [14, 7, 1, 6, 189, 56, 36, 9, 6, 9]) false
(1669, [216, 491, 4, 960, 1, 1]) false
(57407652, [389, 473, 6, 52, 519, 69]) true
(283080, [1, 599, 5, 6, 7, 50, 6, 5, 84]) true
(54899, [33, 94, 154, 967, 13]) true
(968081957, [27, 56, 386, 91, 939, 9]) false
(1824060251, [84, 84, 25, 86, 48, 200]) false
(343504, [80, 90, 4, 63, 98, 8]) true
(9406899360, [162, 927, 522, 3, 40]) true
(66, [6, 1, 60]) true
(665541148, [64, 478, 9, 91, 239]) false
(15220546, [1, 72, 147, 695, 46]) false
(16593192, [29, 5, 1, 342, 2, 87, 16, 86, 8]) true
(266660, [273, 120, 5, 2, 335]) true
(145411253, [7, 24, 3, 864, 52]) false
(1488898676, [74, 3, 4, 8, 3, 4, 31, 2, 46, 69, 4]) false
(204709132, [6, 78, 81, 2, 2, 3, 2, 3, 616, 7, 6]) false
(13168868667, [155, 944, 7, 63, 90]) false
(5211084, [94, 2, 36, 16, 2, 3, 15, 5, 9]) false
(239035, [7, 6, 196, 338, 697]) false
(79918080, [66, 9, 7, 159, 523, 8, 6, 86, 4]) true
(1824702, [2, 7, 48, 28, 921, 800, 701]) false
(131560, [5, 7, 2, 46, 5]) false
(14597440, [87, 29, 715, 8, 22]) false
(558656, [26, 65, 33, 95, 7]) false
(573, [9, 86, 3, 2, 3]) true
(6387481846, [29, 57, 4, 67, 20, 1, 3, 9, 4, 4, 8]) false
(17042, [5, 46, 55, 462, 3, 4]) false
(44168607, [988, 587, 2, 4, 701]) false
(273815126, [1, 11, 8, 327, 46, 31]) false
(7921498223, [7, 8, 98, 32, 3, 6, 1, 91, 1, 21, 9]) false
(2245608984, [249, 427, 85, 9, 897, 88]) false
(36458428589, [958, 6, 5, 9, 1, 7, 8, 2, 3, 6, 3, 7]) false
(24452, [2, 5, 7, 6, 75]) false
(462268, [17, 87, 548, 709, 1]) true
(1873904281746, [428, 41, 89, 54, 9, 9, 65, 9, 6]) false
(1518959335687, [1, 2, 728, 644, 5, 359, 2, 9, 7]) false
(3519, [4, 7, 5, 3, 5, 6, 4, 901, 16, 42, 6]) true
(329767, [916, 9, 40, 7]) true
(92006, [9, 64, 6, 3, 890, 9, 79, 9, 8]) true
(623659532, [2, 621, 659, 4, 1, 30]) false
(1158, [4, 6, 97, 8, 9]) false
(3111, [15, 1, 2, 83, 70, 17]) true
(19719070, [6, 1, 9, 7, 750, 7, 5, 8, 3, 10, 7, 1]) false
(44340, [9, 76, 512, 1, 91, 727, 3]) false
(82544, [2, 77, 67, 8, 1]) true
(8263903262559, [8, 5, 5, 9, 8, 811, 2, 2, 4, 9, 27, 6]) false
(157262143235, [8, 5, 39, 420, 714, 4, 6, 7, 5]) false
(104541876, [9, 675, 779, 1, 876]) false
(66225758971, [4, 2, 4, 6, 7, 8, 39, 82, 7, 8, 9, 3]) false
(666763201, [5, 11, 5, 54, 9, 600, 2, 6]) false
(1553118, [652, 6, 397, 41, 13]) true
(537907321, [572, 24, 94, 95, 785, 838]) false
(38295402, [851, 90, 79, 5, 7]) false
(1044, [81, 5, 6, 876, 77]) false
(4814391, [67, 24, 1, 716, 9]) false
(43347045, [405, 28, 409, 61, 48]) false
(14000704, [93, 965, 4, 39, 484]) true
(148494, [2, 7, 21, 706, 6, 4, 2, 1, 4, 2, 7]) false
(2087576160, [332, 859, 6, 4, 5, 61]) true
(39096, [52, 3, 9, 64, 74, 1, 58, 6, 18]) true
(93081385, [54, 1, 17, 23, 57, 387]) false
(438497, [650, 33, 5, 8, 90, 7, 8, 9]) true
(1957081, [46, 71, 771, 847, 564, 2]) false
(16973783, [1, 484, 443, 3, 79]) false
(58567835, [60, 7, 2, 1, 96, 6, 4, 5, 677, 9, 8]) false
(741152, [30, 43, 7, 27, 9]) false
(358872444, [6, 7, 6, 59, 7, 63, 6, 5, 37, 1, 1, 9]) false
(1356, [81, 54, 339, 1, 873, 8]) true
(579, [6, 7, 18, 515, 4]) true
(298964, [76, 1, 613, 3, 9, 9, 4, 4, 5, 6, 4, 5]) true
(7844, [1, 93, 5, 7, 74]) true
(35269280, [5, 925, 6, 79, 46, 80]) true
(101029, [117, 46, 422, 360, 65, 29]) false
(40800, [50, 4, 8, 25, 74, 8, 8, 3, 1, 1]) true
(458716, [48, 1, 695, 88, 1, 5, 2, 51, 7, 6]) false
(1706, [82, 9, 394, 563, 11]) true
(5516955400, [9, 7, 8, 2, 643, 30, 5, 7, 5, 55, 8]) true
(10841741, [90, 2, 6, 5, 440, 47, 9, 371, 8]) false
(819495, [1, 9, 6, 37, 805, 6, 2, 4, 9, 6, 7, 4]) false
(22154675400, [6, 70, 839, 55, 664, 663]) true
(972026, [9, 24, 45, 23, 3]) false
(5571, [9, 8, 8, 28, 6, 8, 8, 3, 9, 6, 609]) true
(82367, [2, 91, 2, 5, 44, 79, 709, 399]) false
(10764106835, [85, 421, 5, 76, 43, 586]) false
(690914026, [94, 98, 187, 75, 2]) false
(324456, [3, 1, 926, 42, 517, 980, 8]) false
(9979753, [37, 425, 4, 6, 1, 9, 7, 28, 430]) false
(1214098609828, [246, 768, 984, 9, 964, 5, 5]) false
(5445415212, [789, 29, 85, 93, 665, 864]) false
(232925769, [800, 5, 86, 417, 57]) false
(3562762, [649, 68, 88, 85, 69, 40]) false
(3024072, [25, 79, 4, 6, 6, 87, 6, 6, 7, 8, 9]) true
(171632276, [439, 9, 39, 71, 27, 6]) false
(2878475, [533, 6, 21, 9, 84, 1]) false
(250064836, [6, 8, 884, 745, 32, 388, 49]) true
(71568, [7, 669, 993, 35, 42]) true
(10740, [94, 6, 7, 31, 9]) false
(130429634, [96, 347, 7, 4, 7, 3, 264, 8, 6]) false
(142560, [137, 1, 1, 4, 561]) false
(268464239294, [725, 57, 9, 37, 925, 7, 39]) false
(14844538, [34, 6, 4, 330, 6, 742, 71]) false
(2280, [74, 7, 47, 5, 4]) true
(194958990, [215, 11, 6, 924, 41, 86]) false
(525871833413, [72, 7, 249, 83, 3, 2, 2, 6, 7, 5, 2]) false
(2133354176, [5, 553, 92, 9, 857, 80]) false
(825900, [103, 89, 9, 56, 1, 30, 3]) false
(100662626858, [2, 2, 3, 253, 22, 93, 82, 8, 58]) false
(20442464, [2, 8, 8, 2, 1, 3, 7, 9, 8, 5, 94, 2]) false
(4177, [56, 1, 71, 189, 9]) false
(13529345, [2, 7, 5, 29, 344]) false
(41013168737, [422, 729, 7, 14, 7, 99, 464]) false
(1461696, [2, 2, 13, 2, 28, 98]) false
(6768366264, [450, 99, 82, 67, 6, 374]) true
(3301, [4, 5, 363, 26, 8]) true
(1856, [3, 4, 3, 8, 7, 680]) true
(622356, [4, 9, 8, 6, 5, 2, 470, 5, 48, 963]) true
(901318, [997, 549, 583]) true
(11093355, [6, 64, 3, 39, 735]) true
(3786516180217, [3, 4, 8, 8, 744, 2, 28, 594, 9, 7]) false
(1122417, [2, 58, 4, 69, 93]) false
(12192, [43, 337, 5, 48, 6, 2, 81, 421]) true
(137093, [340, 7, 469, 168, 5]) true
(200046, [7, 21, 15, 7, 91, 66]) true
(974926680, [6, 103, 53, 487, 78, 60]) false
(237, [1, 3, 9, 66, 3]) true
(767748, [2, 1, 1, 22, 734, 934]) false
(1185073, [3, 5, 28, 9, 4, 103, 9, 7, 62, 5]) true
(194340763406, [4, 86, 4, 1, 3, 1, 4, 8, 1, 6, 918, 3]) false
(437870620, [973, 5, 153, 76, 9, 9]) false
(1915429459948, [31, 529, 9, 7, 56, 274, 75, 9]) false
(129448447, [1, 84, 92, 635, 7]) false
(2404856, [20, 481, 8, 6, 53]) false
(100356, [9, 75, 2, 3, 6, 97, 792, 8, 34]) true
(34368, [28, 7, 55, 3, 30, 53, 2, 3, 96]) false
(3053309, [812, 6, 4, 626, 933]) true
(580957, [7, 4, 545, 7, 955]) false
(75514741, [32, 3, 959, 4, 210]) false
(516123688, [5, 84, 28, 844, 52, 808]) true
(6404552, [679, 393, 8, 6, 8, 4]) true
(26248222, [3, 8, 78, 1, 91, 7, 22]) true
(230699, [24, 12, 35, 8, 21]) false
(48214854, [7, 48, 8, 4, 6, 25, 210, 9, 97, 9]) false
(356308408569, [2, 5, 3, 59, 444, 9, 55, 3, 67]) false
(152001, [5, 4, 87, 5, 1, 87, 8, 51, 34, 6, 1]) true
(2375050, [47, 15, 912, 3, 7, 2, 3, 76]) true
(2083231, [7, 24, 4, 9, 205, 76, 3, 4, 6, 9]) false
(70434168, [623, 345, 460, 327, 3]) true
(256778, [48, 419, 5, 544, 10]) true
(17127218, [428, 4, 716, 8, 48]) false
(194256, [4, 9, 1, 32, 186, 93, 4, 3, 1, 9]) true
(9170, [555, 7, 627, 645, 5]) true
(603471374, [7, 862, 710, 3, 75]) false
(5315744, [29, 45, 799, 8, 3, 2, 19, 4, 4, 2]) false
(28950089840, [81, 9, 6, 42, 8, 6, 5, 898, 39]) false
(1899345324, [74, 538, 6, 9, 2, 31, 57, 69]) false
(25580, [1, 1, 4, 1, 8, 3, 2, 4, 915, 1, 657]) false
(517756140, [127, 71, 33, 4, 87, 5]) true
(11559915144139, [231, 5, 4, 5, 915, 144, 139]) false
(458808984, [31, 456, 575, 941, 909]) false
(1156, [9, 16, 35, 106, 3, 867, 1]) true
(158001, [7, 305, 140, 2, 8, 342]) false
(591572808, [4, 6, 42, 9, 7, 8, 19, 4, 8, 4, 27, 6]) true
(142291625, [9, 88, 3, 406, 8, 16, 6, 41]) false
(10118, [20, 42, 38, 64, 54]) false
(272079360, [140, 8, 85, 21, 48, 224]) true
(4729, [44, 2, 48, 5, 38, 6, 944, 9, 8]) false
(620, [5, 187, 5, 3, 29]) true
(45980860320, [770, 51, 89, 90, 76, 92]) true
(18984313, [224, 2, 120, 7, 17, 299]) false
(1621080, [7, 4, 8, 42, 3, 804, 60, 6]) true
(816, [5, 82, 88, 312, 5]) false
(126656112, [4, 4, 4, 2, 6, 17, 31, 4, 2, 66, 4, 1]) false
(4956502311, [71, 24, 7, 658, 695]) false
(600688282, [1, 81, 3, 1, 1, 8, 1, 21, 5, 7, 8, 2]) false
(349496, [54, 20, 65, 967, 316]) true
(18120, [9, 169, 92, 33, 58, 544]) false
(2076065, [5, 1, 91, 94, 8, 3, 3]) false
(387582752, [3, 6, 2, 441, 484, 97, 997, 2]) false
(43236, [9, 4, 31, 4, 7, 7, 3, 72, 5, 31, 1, 5]) true
(5185259, [637, 1, 814, 9, 70]) false
(438, [7, 2, 4, 1, 3]) false
(163296554683, [36, 81, 56, 554, 682]) false
(2638, [86, 8, 629, 2, 4]) true
(370152, [9, 6, 5, 241, 2, 5, 2, 2, 7, 8, 9]) true
(252671, [128, 195, 305, 3, 15]) false
(73033867008, [409, 816, 47, 776, 6]) true
(12385, [4, 277, 2, 576, 82, 4, 1, 888]) true
(683, [87, 3, 3, 8, 582]) false
(412633, [4, 91, 37, 4, 56, 2, 560, 5, 8]) false
(74802, [385, 2, 97, 36, 76]) true
(6077322, [53, 982, 1, 7, 648, 37, 1, 5, 9]) true
(507574876, [13, 5, 372, 574, 876]) false
(14321123, [2, 7, 2, 741, 1, 464, 4, 7, 476]) false
(97916488, [84, 979, 466, 9, 4, 5, 64, 6, 1]) false
(25856656, [6, 570, 67, 335, 7, 2, 2]) true
(353544, [64, 6, 8, 9, 15, 731]) false
(5737365612, [35, 541, 2, 303, 14]) false
(2897665008, [4, 7, 8, 875, 8, 7, 7, 9, 8, 12, 2, 6]) true
(867866972593, [867, 866, 97, 2, 560, 32, 1]) false
(627660, [31, 513, 384, 324, 3]) true
(247956255509, [247, 1, 95, 6, 2, 4, 9, 6, 510]) false
(3593202616, [5, 987, 6, 8, 6, 8, 9, 73, 6, 1, 6]) false
(5690, [8, 9, 63, 71, 9]) false
(1814772, [454, 2, 111, 9, 2, 11, 577]) true
(471955, [79, 339, 4, 5, 221, 24, 5]) true
(14081166, [6, 735, 106, 8, 19]) false
(101338037917, [536, 18, 7, 5, 2, 8, 3, 6, 13, 9, 5]) false
(5873208005, [3, 2, 6, 23, 5, 1, 7, 2, 3, 60, 8, 5]) false
(11415228, [364, 6, 18, 8, 648, 60]) true
(16633, [7, 6, 4, 978, 7]) true
(39318, [433, 6, 6, 260, 50, 1, 52, 2, 4]) true
(441012, [6, 7, 5, 84, 282, 1, 8, 1, 42, 7, 2]) false
(184115700, [5, 661, 75, 97, 38]) true
(105393, [1, 7, 2, 539, 5]) false
(39612, [747, 2, 84, 5, 56, 6, 3, 8, 3, 60]) true
(9082523, [94, 91, 2, 2, 607, 991, 8]) true
(22752200452, [9, 4, 6, 2, 4, 60, 67, 133, 452]) false
(16732245, [4, 8, 43, 641, 9, 21, 36]) false
(6789, [699, 8, 620, 577, 1]) true
(272043, [711, 1, 6, 912, 167]) true
(960249, [583, 549, 7, 7, 3, 6, 1]) true
(9381848, [121, 7, 25, 29, 371]) true
(1476, [48, 147, 85, 5, 76]) true
(326673018, [43, 1, 9, 92, 5, 688, 90, 1, 7, 1]) false
(17526, [84, 851, 4, 813, 6]) false
(77447, [4, 7, 781, 9, 34, 3, 1, 5, 72, 7, 9]) false
(17111462255950, [97, 9, 6, 47, 139, 235, 950]) false
(17181223089, [149, 59, 118, 604, 4, 7, 9, 3]) false
(11586, [6, 52, 4, 6, 7, 241, 1, 7, 99]) true
(2716391, [4, 6, 2, 65, 54, 1, 3, 95, 9, 56]) true
(3432106, [4, 3, 4, 3, 2, 712, 17, 9, 8, 1, 1, 1]) false
(587300, [2, 698, 839]) true
(6752480, [67, 51, 65, 74, 10, 88]) false
(21109821785, [3, 88, 2, 60, 55, 2, 7, 5, 754, 9]) false
(124648991, [398, 647, 869, 6, 52]) false
(1116032879, [5, 5, 37, 4, 2, 603, 1, 3, 79]) false
(195581, [99, 27, 73, 446, 6]) true
(127109, [2, 4, 160, 9, 7, 6, 66, 4, 9, 96, 5]) true
(308350, [42, 1, 5, 17, 82, 350]) true
(361771787, [888, 582, 1, 6, 6, 7, 7, 48]) false
(19878, [6, 420, 683, 110, 6]) true
(304, [2, 4, 28, 1, 80]) true
(147574, [5, 59, 5, 68, 4]) false
(2448810, [409, 53, 4, 21, 5, 53, 4, 7, 9]) true
(719716, [6, 389, 64, 196, 8, 4]) true
(1732728, [8, 2, 4, 3, 5, 940, 8, 39, 9, 43]) false
(24551999152, [2, 90, 783, 428, 1, 46, 554]) false
(57836, [3, 68, 8, 2, 27, 5, 9]) false
(134278200849, [2, 3, 6, 45, 8, 7, 520, 7, 5, 848]) false
(79939703763, [4, 6, 2, 7, 5, 4, 1, 4, 3, 29, 83, 9]) false
(52137948672, [931, 436, 534, 31, 3, 8, 96]) true
(9726654, [77, 6, 98, 747, 6, 654]) false
(122932620, [135, 57, 102, 9, 986, 634]) false
(262217569, [73, 8, 7, 7, 5, 9, 5, 29, 603, 1, 3]) true
(32941, [6, 5, 2, 9, 2, 990, 6, 8, 4, 1, 6, 7]) true
(65761, [8, 4, 8, 685, 1]) false
(71664, [7, 1, 61, 5, 4]) false
(30188691225, [147, 720, 595, 495, 573]) true
(534605, [9, 25, 24, 99, 8]) false
(22307765, [367, 262, 29, 8, 37]) true
(123232, [485, 131, 1, 5, 2]) false
(179429560, [76, 35, 30, 235, 9]) false
(67914, [7, 4, 30, 6, 6, 137, 27, 4, 2, 6]) true
(107951753, [6, 7, 257, 5, 6, 61, 56]) false
(5783045, [691, 62, 8, 96, 6]) false
(730398027, [5, 81, 1, 57, 2, 5, 149, 27]) false
(134916360, [4, 195, 27, 9, 93, 6, 5, 30]) true
(3272988, [239, 88, 110, 188, 6]) false
(5886141, [318, 522, 87, 7, 7]) false
(813650145, [81, 300, 526, 4, 406, 158]) false
(420840, [5, 3, 827, 3, 7, 68, 532]) false
(8512852864405, [5, 5, 224, 5, 6, 1, 4, 3, 8, 76, 1, 5]) false
(38682, [247, 2, 5, 8, 436, 3]) false
(5256, [4, 71, 7, 6]) false
(321720, [30, 7, 702, 2, 5, 26, 2, 7, 5]) true
(70454400, [2, 3, 7, 2, 98, 614, 4, 2, 82, 4, 8]) false
(154909476, [396, 5, 9, 64, 654, 96, 1, 6, 6]) false
(12480617, [2, 5, 52, 24, 617]) false
(132691, [1, 73, 767]) false
(10245752, [13, 69, 62, 7, 124, 7]) false
(36484493, [6, 1, 5, 705, 8, 9, 77, 9, 8, 1, 7, 3]) false
(14420234120, [79, 65, 202, 341, 23]) false
(1440, [9, 1, 6, 128, 1, 8]) false
(907648961, [7, 1, 83, 248, 1, 7, 4, 995, 1, 1]) false
(38653398, [66, 23, 7, 3, 9, 1, 78, 9, 139, 2]) false
(812462401, [434, 26, 188, 6, 72, 12]) false
(3451, [9, 1, 3, 4, 7, 3, 9, 56, 2, 4, 395, 7]) false
(12856859, [29, 4, 1, 56, 435]) false
(18345048481, [925, 491, 187, 51, 4, 6, 9, 4]) false
(14362270, [51, 7, 926, 3, 7]) false
(145899018, [751, 1, 98, 891, 2, 7, 978]) false
(599135437, [22, 19, 9, 3, 5, 436]) false
(36110793601, [398, 30, 6, 8, 56, 9, 600]) false
(2444762940, [710, 427, 384, 3, 21]) false
(141178320, [62, 52, 44, 5, 1, 8, 3, 3, 6, 8, 3, 5]) true
(17031, [5, 34, 28]) false
(469049041, [7, 2, 180, 7, 2, 4, 6, 43, 5, 6, 9, 1]) false
(200611, [2, 31, 67, 8, 90, 901]) true
(59903676, [119, 660, 18, 30, 87, 49]) true
(904348, [3, 7, 9, 1, 3, 993, 352]) false
(32426911445, [58, 243, 154, 83, 5, 36, 5]) true
(8159988, [3, 513, 57, 5, 53]) false
(264192030, [61, 96, 4, 2, 81, 58, 345]) true
(47245, [1, 3, 4, 2, 8, 8, 973, 28, 4, 5, 8, 5]) true
(4019, [6, 8, 5, 66, 29, 75]) true
(1908535419, [20, 1, 2, 5, 4, 13, 8, 1, 2, 491, 9]) false
(63495761472, [7, 8, 8, 5, 522, 1, 53, 1, 2, 724]) false
(974547, [2, 2, 5, 6, 9, 1, 6, 7, 4, 82, 651]) true
(8464945, [8, 1, 33, 4, 1, 5, 8, 697, 71, 8, 9]) false
(35191519, [7, 4, 301, 173, 9, 3, 6, 1, 43]) false
(3809988720, [2, 82, 4, 610, 890, 354, 6, 2]) false
(1974, [930, 24, 9, 25, 2]) false
(19950132400, [68, 50, 319, 34, 541]) true
(116117283, [59, 6, 855, 466, 80, 3]) false
(7105321381, [2, 94, 37, 660, 679, 9, 2, 1, 2]) false
(200055003120, [16, 61, 64, 8, 41, 9, 6, 85]) false
(7052183817, [7, 8, 197, 905, 2, 44, 2, 8, 3, 7]) false
(30619382, [4, 4, 5, 588, 10, 8, 3, 9, 4, 1, 1, 4]) false
(49486383, [8, 3, 737, 3, 40, 61, 745, 1]) false
(3059155939, [6, 978, 548, 92, 8]) false
(17913, [5, 9, 198, 5, 21, 2, 1, 8, 9, 23]) true
(2322270, [6, 6, 7, 30, 9, 915]) true
(864437011221, [78, 42, 3, 6, 16, 190, 6, 9, 3, 7]) false
(9824074336, [982, 399, 8, 433, 5, 1]) false
(172953218, [6, 90, 87, 334, 62]) false
(3416363, [7, 4, 6, 7, 476, 5, 3, 5, 7, 957, 1]) true
(3482929737, [73, 1, 6, 4, 47, 2, 2, 1, 8, 737]) false
(143276320, [43, 7, 595, 4, 80]) false
(6399648, [247, 75, 207, 96, 775, 89]) true
(171394, [63, 32, 85, 6, 28]) true
(6163474, [11, 56, 25, 9, 74, 1]) false
(9740881928, [493, 4, 4, 320, 11, 4, 348, 8]) true
(282630796, [7, 5, 927, 4, 871, 3]) false
(5329, [54, 468, 7, 9, 95]) false
(198832303516, [473, 41, 6, 1, 4, 1, 7, 88, 7]) false
(1592, [44, 34, 9, 80, 5]) false
(78037377, [86, 7, 9, 66, 27, 746, 4]) false
(1435, [8, 6, 63, 94, 7]) true
(330759891, [50, 66, 7, 598, 91]) false
(201052210549, [9, 5, 5, 1, 525, 9, 4, 8, 2, 5, 5, 46]) false
(1625512034997, [61, 50, 20, 835, 17, 1, 931]) false
(531193971, [4, 3, 57, 7, 12, 939, 69]) false
(8729765, [8, 4, 241, 515, 67]) false
(3361296, [6, 78, 500, 2, 3, 8, 239]) true
(2575584850, [398, 2, 66, 813, 7, 6, 4, 1, 1, 2]) false
(77725723, [61, 2, 942, 920, 129, 313]) false
(1303, [9, 57, 119, 7, 8]) true
(12121579, [37, 252, 2, 9, 13]) false
(1332800, [74, 9, 2, 796, 4]) false
(525202, [22, 19, 22, 6, 1, 57, 589, 99]) true
(6420440, [2, 5, 1, 7, 7, 6, 8, 4, 3, 76, 65]) false
(97021540, [87, 3, 97, 2, 153, 7, 1]) false
(4553395, [9, 35, 61, 92, 395]) false
(34433, [819, 1, 6, 5, 7]) true
(350904680, [2, 8, 8, 207, 453, 8, 4, 1, 6]) false
(1767, [2, 76, 10, 95, 58, 94]) true
(841148, [36, 8, 473, 148]) false
(140428093859, [9, 197, 4, 9, 2, 9, 5, 4, 2, 5, 55, 9]) false
(1935426374140, [82, 59, 5, 65, 9, 351, 1, 4, 96]) false
1260041994799
(487656, [43, 7, 54, 3, 6, 28]) false
(65816524826, [3, 29, 7, 451, 5, 64, 26, 1, 1, 9]) false
(90059295, [900, 1, 592, 92]) false
(2109036, [59, 8, 133, 7, 83, 1, 6]) true
(191815905829, [7, 4, 2, 7, 1, 979, 9, 8, 1, 638, 9]) false
(289979206, [49, 587, 234, 9, 206]) false
(26683869669, [51, 654, 837, 8, 69]) false
(829027, [827, 34, 83, 85, 2, 5]) false
(1182822246, [41, 2, 7, 40, 8, 6, 839, 7, 4, 8]) false
(12212256, [8, 4, 31, 4, 1, 7, 655, 4, 9, 6, 8, 7]) false
(576756972, [599, 5, 8, 6, 7, 5, 43, 4, 9, 11, 4]) true
(3209617432982, [2, 5, 9, 3, 4, 2, 5, 4, 6, 330, 706]) false
(11368725, [13, 94, 9, 520, 2, 13, 87]) false
(3029408, [3, 3, 3, 41, 4, 2, 6, 36, 51, 18, 8]) true
(486, [4, 59, 29]) false
(1593, [8, 2, 4, 868, 606, 98]) false
(1104643681, [742, 52, 44, 50, 8, 5, 714, 1]) true
(8927181334, [941, 8, 7, 94, 1, 319, 16]) false
(3250434202409, [861, 758, 59, 6, 31, 83, 5, 6]) false
(35658010977, [59, 43, 60, 10, 974]) false
(13458, [5, 8, 7, 4, 24, 342, 3, 2, 7, 8, 5, 3]) true
(8144, [7, 68, 861, 91, 984, 4, 97, 3]) true
(475875, [45, 6, 620, 4, 705]) true
(28086984, [5, 4, 41, 79, 9, 7, 3, 6, 8, 3, 6, 4]) true
(97776, [6, 3, 9, 6, 57, 679]) true
(14925208480, [7, 4, 195, 7, 64, 6, 55, 5, 5, 91]) false
(57558888, [2, 416, 7, 209, 9, 3, 8, 7, 1, 9]) true
(1736849, [4, 706, 205, 11, 3, 49, 7]) true
(640579, [59, 7, 227, 420, 160]) false
(60858, [40, 4, 918, 49, 54]) true
(7365, [83, 4, 1, 28, 64, 5]) true
(15397, [4, 5, 69, 387, 623, 5]) false
(127899, [5, 22, 71, 66, 902, 475]) true
(8711335855, [8, 711, 335, 85, 8]) false
(195276861, [5, 70, 2, 84, 9, 1, 5, 6, 1, 519]) false
(35544, [19, 78, 6, 345, 9]) true
(33213952, [81, 1, 9, 5, 3, 4, 5, 62, 93, 38, 8]) true
(579887, [61, 2, 65, 8, 78, 76, 9]) false
(15883, [40, 1, 356, 4, 5]) false
(202227810, [7, 2, 8, 838, 7, 3, 1, 4, 22, 885]) false
(653556, [438, 2, 239, 848, 428]) true
(8948, [3, 9, 6, 95, 320, 2, 7, 847, 23]) true
(6454, [4, 5, 7, 11, 4, 770, 7]) true
(443390739223, [9, 332, 13, 907, 39, 222]) false
(641557432, [63, 634, 521, 7, 430]) false
(782, [2, 68, 43, 595, 74]) true
(1331712, [1, 7, 26, 192, 204]) true
(129463, [4, 4, 5, 97, 9, 6, 4, 975, 2, 24, 1]) false
(221177258, [168, 8, 15, 525, 31, 8]) false
(15537453, [901, 6, 3, 3, 5, 3, 957, 558]) true
(12763566858, [1, 6, 641, 895, 618, 83, 6]) true
(2074806937, [2, 78, 7, 90, 1, 6, 76, 9, 5, 4, 1, 7]) false
(1069, [4, 2, 5, 2, 989]) true
(129802, [3, 61, 7, 5, 619, 41, 611]) false
(201600485201, [3, 800, 84, 485, 1, 202]) false
(259752, [4, 49, 8, 8, 4, 67, 76, 2, 8, 888]) true
(472128, [31, 9, 4, 37, 7]) false
(3195693, [559, 2, 70, 183, 81]) true
(49176380250, [9, 5, 2, 7, 89, 9, 873, 9, 725]) true
(982, [3, 79, 64, 293, 6, 24, 356]) false
(6478268, [64, 734, 2, 46, 6, 9]) false
(253809852, [64, 340, 72, 4, 3, 9, 94, 6]) true
(751, [6, 44, 86, 5, 71]) true
(236658240, [43, 28, 35, 6, 936]) true
(43192, [42, 3, 8, 9, 1]) false
(340408, [2, 32, 10, 4, 10, 1]) false
(7686, [2, 7, 29, 30, 93, 48, 6]) true
(4243124889, [1, 8, 133, 26, 303, 9, 87, 74]) false
(856, [9, 3, 63, 87, 5, 1, 8]) true
(28033586941, [28, 52, 4, 4, 57, 98, 9, 37, 6]) false
(202380939, [2, 559, 3, 4, 6, 9, 6, 5, 39, 8, 2, 1]) false
(10392264, [2, 988, 37, 94]) false
(8032464, [3, 56, 28, 2, 455, 73, 198]) true
(622349387, [3, 823, 6, 2, 2, 4, 3, 21, 9, 1, 9]) false
(1651, [9, 7, 44, 58, 1]) false
(66060, [364, 515, 25, 45, 3]) true
(13444, [7, 7, 9, 651, 4]) false
(15431035, [22, 100, 4, 6, 8, 3, 99, 2, 2, 7]) false
(480690, [7, 82, 51, 5, 763]) true
(29549163, [29, 5, 49, 131, 32]) false
(17720382, [43, 55, 71, 4, 4, 382]) false
(1059, [2, 111, 5, 9]) false
(21045024, [27, 7, 839, 1, 2, 88, 3, 91]) true
(294336, [98, 3, 634, 80, 73, 4]) true
(6896, [6, 3, 10, 246, 6]) false
(18821762, [20, 1, 23, 85, 389]) false
(33401, [93, 50, 108, 7, 79, 16]) true
(4664286286, [9, 64, 3, 2, 48, 57, 6, 93]) false
(2931104, [76, 66, 645, 7, 32]) true
(28566, [8, 2, 9, 9, 5, 3, 4, 5, 708, 8, 4, 9]) true
(3198, [8, 6, 251, 87, 964, 2, 422]) false
(1040, [3, 37, 9, 38, 3]) true
(187968, [444, 3, 808, 881, 88]) true
(362576, [50, 9, 8, 89, 4, 77, 87]) false
(4992215, [126, 2, 5, 6, 75, 7, 58, 53, 39]) true
(2006981, [1, 9, 6, 93, 774]) false
(9793996248, [3, 6, 5, 8, 6, 83, 1, 99, 4, 251]) false
(30613341465, [8, 1, 746, 363, 305, 99, 5, 7]) false
(2137289544, [571, 744, 3, 129, 13]) true
(107872380, [8, 33, 5, 493, 2, 8, 7, 9, 5, 9, 5, 9]) false
(4373193255, [9, 49, 911, 933, 3, 235]) false
(223250, [4, 1, 9, 190, 950]) true
(100379, [9, 985, 1, 93, 435]) false
(53675254, [4, 48, 4, 1, 41, 3, 7, 465, 68]) false
(48870, [664, 8, 6, 2, 2, 3, 2, 3, 3, 440, 1]) true
(32167, [5, 7, 919]) false
(268259340, [1, 50, 892, 2, 9, 1, 1, 527]) false
(44339505, [17, 46, 315, 6, 18]) false
(31750808, [3, 16, 9, 2, 13, 7, 7, 6, 6, 10, 91]) false
(728057579, [93, 12, 41, 817, 3, 3, 69, 77]) true
(392, [5, 3, 1, 7, 7]) true
(638, [7, 56, 2, 4, 2]) false
(108204960, [770, 877, 8, 983, 160]) true
(3444301, [73, 40, 6, 5, 2, 46, 1, 729, 3, 1]) false
(14229, [21, 1, 151, 22, 75, 9, 51]) true
(19262701, [7, 3, 9, 971, 182]) false
(1672476, [200, 3, 4, 39, 71]) true
(1618766643, [4, 7, 3, 77, 1, 87, 589, 5, 7, 39]) true
(1248218882, [683, 97, 4, 547, 4, 82]) false
(389845651483, [62, 3, 1, 5, 4, 5, 6, 8, 2, 5, 1, 782]) false
(324944, [6, 26, 4, 94, 1]) false
(1166018, [96, 97, 118, 8, 75, 6, 51, 4, 1]) true
(525, [75, 1, 7, 1]) true
(52924, [7, 3, 3, 75, 504, 4]) true
(545733410, [1, 3, 6, 99, 9, 5, 33, 337, 4, 62]) false
(8387390987, [7, 202, 984, 59, 677, 75]) false
(2116285, [4, 690, 2, 6, 15, 31, 221, 82]) false
(36525, [90, 69, 7, 22, 5]) false
(24147338178, [67, 6, 45, 563, 63, 6]) false
(13, [1, 4, 6]) false
(16360, [2, 29, 429, 51, 32, 8]) true
(97492862, [406, 22, 24, 1, 64]) false
(146228, [86, 17, 28]) false
(7743, [75, 3, 1, 9, 3, 9, 3]) false
(9883297, [7, 9, 32, 57, 86, 865]) true
(973916, [7, 9, 119, 73, 7, 94, 823, 55]) true
(153506360, [4, 5, 73, 47, 569, 22, 35, 1, 2]) true
(772201, [771, 1, 187, 13]) false
(87872992470, [7, 53, 29, 8, 4, 2, 353, 3, 5, 53]) false
(7819821990, [965, 41, 9, 9, 98, 8]) false
(496991, [6, 20, 7, 8, 43, 2]) false
(21834361, [6, 879, 460, 3, 3]) false
(35172, [793, 736, 23, 4, 1]) true
(875355, [249, 37, 95, 47, 9, 64]) true
(386571, [2, 193, 5, 36, 8, 7, 4, 9, 3, 6, 1]) false
(23822642473, [76, 773, 81, 5, 811, 9, 8]) false
(819963721093, [9, 287, 26, 36, 8, 82, 1, 517]) true
(88156679373, [881, 56, 677, 2, 373]) false
(294634, [44, 6, 124, 9, 7]) false
(412056335, [890, 75, 61, 191, 7]) false
(250582082, [9, 1, 3, 92, 1, 6, 14, 8, 20, 76, 3]) false
(30820812, [4, 136, 1, 2, 56, 8, 6, 9, 7, 3, 2, 3]) true
(1159209247, [57, 81, 840, 92, 44]) false
(93114, [231, 67, 1, 42, 6]) true
(1427, [76, 568, 7, 502, 9, 197, 68]) true
(33487272395, [418, 5, 909, 8, 395]) false
(21155, [53, 906, 6, 3, 1, 942, 13, 11]) false
(798093, [7, 17, 74, 41, 81, 972]) false
(35354, [7, 1, 1, 350, 733, 1, 6, 1, 6, 7, 5]) false
(3290573, [8, 9, 55, 9, 3, 8, 7, 5, 113, 2, 5, 8]) true
(37126311681, [371, 26, 311, 65, 4, 27]) false
(444, [9, 6, 5, 6, 90]) true
(1494832626631, [2, 521, 4, 68, 5, 3, 7, 1, 6, 26, 3]) false
(125403, [17, 90, 1, 5, 7]) false
(7573005, [708, 7, 90, 2, 4, 3, 4, 4, 73, 5]) false
(228697, [7, 9, 67, 537, 59, 45, 7, 7]) true
(26150462601, [20, 754, 3, 354, 126]) false
(8337405, [81, 96, 92, 8, 8, 8]) false
(10828266, [2, 5, 82, 7, 7, 5, 68]) false
(384887472, [3, 1, 54, 3, 102, 8, 6, 6, 4, 823]) false
(733, [2, 3, 82, 1, 51]) false
(218975073, [9, 9, 218, 3, 4, 9, 57, 9, 50, 74]) false
(2168082697, [1, 2, 6, 2, 6, 2, 6, 68, 3, 692, 2, 4]) false
(173421503, [20, 9, 9, 791, 6, 19, 14, 4]) false
(2971254430, [550, 1, 9, 6, 71, 2, 8, 8, 5, 5, 5]) false
(73191888, [3, 161, 46, 63, 154]) true
(613824, [5, 3, 5, 2, 3, 3, 2, 2, 11, 1, 71, 4]) false
(1890989, [1, 6, 83, 2, 824, 3, 5, 346, 99]) true
(7440, [1, 7, 5, 2, 30, 30, 6, 5, 4, 8, 668]) true
(16968, [2, 2, 8, 5, 42, 194, 8, 400, 1, 7]) true
(77440, [7, 4, 38, 14, 968]) true
(3562, [693, 992, 2, 184, 7]) false
(48049, [7, 833, 8, 4, 1, 456, 940]) true
(664, [6, 8, 317, 1, 2]) true
(1031, [8, 8, 87, 304, 55, 521]) true
(1621533120, [368, 412, 69, 31, 5]) true
(391002, [87, 195, 31, 4, 1, 23, 2]) true
(6318279, [6, 6, 629, 837, 2, 517, 4, 80]) true
(471816, [9, 5, 9, 397, 8, 5, 4, 528, 6, 3, 1]) true
(10005410, [8, 186, 9, 2, 336]) false
(19417, [92, 6, 18, 74, 1, 4, 18]) false
(44968, [5, 2, 3, 3, 76, 7, 3, 80, 2, 1, 8, 7]) true
(395093631, [9, 8, 554, 9, 9, 9, 2, 8, 6, 3, 84, 7]) false
(99600, [33, 6, 503, 6]) true
(594646, [660, 4, 1, 6, 5, 1, 5, 3, 8, 6, 3]) false
(133110, [5, 9, 9, 4, 549, 174]) true
(6604888205293, [2, 20, 89, 92, 710, 8, 299]) false
(6696448082514, [3, 608, 29, 8, 80, 825, 14]) false
(177053, [91, 77, 58, 93, 555, 8]) true
(576, [2, 38, 14, 9, 7]) true
(162888, [60, 12, 2, 1, 905, 80, 5]) false
(7605, [626, 122, 773, 5]) true
(11725560820, [72, 37, 90, 44, 823]) false
(8201356028, [593, 461, 5, 46, 5, 37, 60, 6]) false
(24278472, [741, 12, 39, 41, 7, 3, 6, 404]) false
(3208850, [6, 7, 4, 145, 100, 7, 2, 4, 4, 3, 5]) false
(559921158, [7, 2, 3, 12, 11, 8, 6, 56, 64, 4, 1]) false
(32011, [31, 9, 8, 11]) false
(446283, [3, 58, 4, 84, 42, 9, 9, 618, 3]) true
(86535563, [8, 6, 535, 56, 1]) false
(21573728, [7, 49, 8, 8, 8, 2, 7, 4, 272, 734]) true
(26121816, [2, 254, 8, 44, 181, 3, 1]) false
(45950642, [25, 4, 6, 82, 498, 5, 5, 84, 57]) false
(869176, [128, 679, 1, 55]) false
(449486, [848, 529, 64, 2, 828]) true
(1279220996, [9, 4, 173, 133, 708, 47, 65]) false
(287825, [3, 4, 890, 244, 839, 29, 5]) true
(17180433987, [6, 61, 91, 3, 798, 37, 9, 987]) false
(29106000, [306, 5, 64, 6, 3, 8, 7, 1, 77]) true
(68117, [97, 1, 3, 1, 7]) false
(40180569020, [574, 70, 5, 6, 450, 451, 8]) false
(2143936, [357, 3, 6, 92, 43]) false
(4875, [343, 13, 8, 11, 397]) true
(42041436, [564, 4, 12, 7, 37, 19, 2, 2]) false
(556416, [9, 8, 69, 8, 14]) true
(6836490, [98, 581, 4, 64, 88, 2]) false
(84747525, [20, 4, 56, 4, 5, 345]) false
(873095872, [2, 2, 850, 9, 4, 9, 5, 3, 6, 6, 8, 72]) false
(3438425675, [6, 50, 614, 1, 25, 630, 44]) false
(491, [80, 54, 3, 7, 83]) false
(665419100327, [608, 965, 97, 15, 751]) false
(82080, [9, 675, 4, 5, 6]) true
(1026, [8, 5, 67, 89, 338, 5, 444]) false
(178844, [4, 5, 9, 5, 9, 3, 15, 58, 57, 91]) false
(61341, [32, 59, 674, 4]) false
(291966364, [81, 53, 61, 7, 6, 68]) false
(9182225, [5, 8, 2, 5, 85, 6, 2, 4, 56, 4, 6, 17]) true
(1147150, [67, 868, 5, 35, 3, 9, 291, 9, 1]) true
(13716, [17, 2, 25, 4, 4]) false
(11424, [18, 10, 8, 36, 51]) true
(4816, [35, 46, 858, 412]) false
(957272, [3, 3, 29, 2, 72]) false
(41212589, [5, 512, 6, 7, 6, 3, 763, 4, 5, 86]) false
(158464, [76, 417, 5, 4]) true
(1899297, [35, 6, 80, 579, 153, 9, 15]) true
(4542, [9, 36, 41]) false
(49681112, [496, 811, 1, 1]) false
(126875993924, [28, 5, 97, 33, 249, 7, 9, 8, 9]) false
(59432, [82, 618, 589, 3, 46]) true
(1016349250, [8, 741, 22, 269, 635]) true
(30395070, [3, 5, 6, 457, 739]) true
(45556, [361, 649, 45, 9, 97]) true
(92791573, [4, 624, 8, 2, 290, 5, 56, 8, 2, 1]) false
(192370728450, [85, 154, 835, 5, 8, 2, 22, 8]) false
(5798, [8, 8, 288, 11, 12, 34, 4, 5, 4]) false
(9255060, [8, 6, 9, 1, 59, 48, 4, 27, 87]) true
(44320, [74, 617, 1, 64, 95, 1]) true
(1046885, [993, 8, 530, 76, 8]) false
(363673109052, [11, 62, 2, 264, 9, 43, 2, 618]) false
(269281880, [44, 8, 8, 5, 48, 4, 71, 25, 5]) false
(21918616, [2, 1, 6, 7, 297, 82, 258, 4]) false
(215370680, [3, 3, 5, 153, 69, 3, 343, 980]) false
(1318736, [996, 82, 745, 4, 16]) true
(411709059, [71, 2, 7, 6, 4, 8, 6, 5, 721, 5, 30]) false
(210420, [944, 233, 927, 1, 6, 7]) false
(9776548567374, [618, 87, 506, 593, 606, 4]) false
(19045689, [12, 987, 67, 39, 41]) true
(1554578, [2, 536, 69, 3, 81, 7, 3, 677]) false
(1000961176548, [340, 8, 92, 26, 3, 4, 4, 545]) false
(10871, [1, 6, 6, 86, 73]) false
(191102, [72, 966, 79, 9, 5, 19]) true
(6448039, [9, 912, 7, 974, 65]) false
(127875318282, [151, 675, 17, 18, 697]) false
(67622755305, [88, 530, 88, 868, 8, 3, 18, 5]) false
(1068000311359, [6, 3, 4, 2, 5, 60, 8, 3, 1, 1, 353, 5]) false
(466005, [1, 9, 608, 87, 661]) true
(430651, [2, 3, 8, 9, 5, 5, 6, 162, 404, 2, 7]) false
(1773856371877, [126, 7, 5, 20, 7, 929, 68, 4, 7]) false
(528, [6, 1, 63, 82, 5]) true
(140593361, [95, 522, 1, 1, 9, 9, 1, 35, 6]) true
(7544102747, [47, 4, 209, 2, 3, 8, 8, 3, 3, 8, 5, 4]) false
(8634559, [85, 78, 56, 479, 80]) false
(62905, [909, 150, 59, 2, 422]) true
(292589, [1, 2, 7, 9, 386, 8, 3, 3, 4, 710, 7]) true
(446, [430, 14, 2]) true
(170800, [5, 7, 3, 8, 6, 38, 13, 762, 8, 1, 7]) true
(6819, [93, 67, 485, 94, 9]) true
(76499651, [114, 54, 69, 234, 6, 3, 2, 7]) false
(31731255, [7, 9, 524, 6, 7, 751]) false
(7715, [952, 360, 5, 546, 601, 8]) true
(307120629, [4, 515, 7, 7, 6, 973, 2, 2, 628]) false
(267, [7, 46, 80, 55, 79]) true
(2614399, [6, 6, 298, 156, 9, 478, 6, 91]) true
(1116203161, [890, 226, 20, 31, 59]) false
(171867043, [2, 604, 22, 86, 6, 4, 90, 3]) false
(4371039, [125, 5, 233, 4, 57, 5, 6, 459]) true
(845076971948, [332, 3, 6, 986, 418, 86]) false
(70116840, [13, 860, 1, 7, 3, 6, 1, 67, 57]) true
(951088124811, [444, 7, 1, 13, 1, 1, 6, 76, 1, 51]) false
(1373244, [915, 42, 5, 38, 3]) false
(82513, [9, 33, 711, 4, 109]) true
(45144, [22, 7, 170, 86, 9]) true
(61041, [8, 8, 2, 25, 8, 7, 1, 469, 9, 65]) false
(378239, [30, 58, 645, 86, 6, 8]) false
(1984785, [5, 5, 9, 7, 3, 4, 33, 724, 8, 204]) false
(413932290441, [3, 3, 88, 1, 92, 83, 2, 1, 2, 8, 4, 1]) false
(598070, [847, 70, 511, 9, 52]) false
(26558, [4, 152, 6, 70, 3, 1, 72, 7, 1, 7, 1]) true
(24463936, [6, 5, 128, 812]) false
(211343, [78, 33, 1, 8, 14, 445, 2, 38, 5]) false
(60353407, [94, 2, 6, 32, 638, 59, 7, 702]) false
(467747, [4, 22, 37, 8, 747]) false
(115242958, [38, 414, 3, 956]) false
(2230448, [9, 5, 106, 5, 5, 6, 5, 39, 4, 638]) true
(58344, [2, 53, 374, 1, 17, 8]) true
(131586, [3, 599, 5, 8, 22, 1, 768, 7, 33]) false
(11867403510, [51, 88, 520, 46, 565, 9]) true
(79235, [22, 50, 9, 8, 32]) false
(15889035, [45, 57, 1, 98, 7, 74, 849, 1]) true
(18966, [21, 9, 629, 19, 77]) true
(8988082, [898, 807, 8, 4]) false
(54296660630, [31, 5, 58, 26, 8, 660, 627]) false
(6454981800, [7, 838, 9, 872, 6, 7, 9, 49, 2, 9]) false
(403020, [875, 2, 349, 8, 2, 1, 2, 6]) true
(3060222, [30, 587, 10, 523, 989]) false
(5310339307, [65, 6, 14, 26, 831, 895, 9]) false
(17409, [9, 47, 5, 788, 9]) false
(206, [41, 63, 88, 14]) true
(129745960037, [73, 3, 4, 652, 5, 2, 7, 907, 4, 5]) false
(4048704, [30, 5, 746, 81, 64]) true
(30240015, [93, 75, 25, 270, 8, 2, 15]) true
(8036956, [8, 2, 85, 1, 4, 1, 82, 7, 9, 1, 5, 2]) true
(5343, [3, 89, 2, 3]) false
(123430233768, [974, 88, 3, 436, 4, 1, 3, 8, 4, 6]) false
(99212258, [83, 4, 32, 61, 2, 36, 968]) false
(57318, [46, 2, 9, 302, 3, 53, 3, 5, 229]) true
(9114, [329, 3, 309, 6, 7]) true
(1913560, [7, 797, 7, 34, 1, 40]) false
(17631, [12, 837, 871, 43, 1]) false
(4398351732, [10, 93, 146, 618, 69]) false
(231244830, [7, 217, 7, 4, 28, 927, 5, 1, 3, 8]) false
(299377898546, [8, 4, 9, 44, 2, 9, 9, 76, 7, 4, 873]) false
(365237, [64, 70, 891, 68, 8]) false
(21963729363, [3, 9, 3, 8, 8, 2, 52, 5, 7, 293, 63]) false
(577636309, [736, 90, 927, 86, 1, 84, 24]) false
(4701436152, [3, 2, 61, 9, 6, 5, 63, 1, 7, 23, 5, 5]) false
(18319317, [619, 52, 3, 3, 569, 6, 8, 917]) true
(8517034175, [73, 2, 7, 85, 75, 2, 1, 34, 177]) false
(15873587, [29, 42, 36, 1, 2, 181, 249]) true
(3612897, [5, 44, 4, 564, 834, 3, 9]) true
(7525784, [8, 9, 6, 1, 81, 5, 163, 1, 9, 37, 2]) true
(9418627, [269, 1, 7, 5, 5, 7, 5]) false
(600805, [81, 7, 62, 4, 780, 25]) false
(3840018, [5, 400, 6, 55, 621, 41, 84, 3]) true
(14562, [3, 88, 55, 6, 36]) true
(2245654, [655, 3, 43, 5, 82, 34, 56]) false
(211, [4, 33, 1, 79]) true
(1397321, [35, 3, 5, 6, 789]) false
(8765, [6, 1, 863, 7, 5, 1]) false
(147924179, [581, 67, 22, 38, 743]) false
(11728, [871, 301, 8]) false
(3788177177, [2, 5, 12, 874, 3, 74, 717, 7]) false
(61232430241, [8, 60, 89, 4, 8, 2, 1, 8, 550, 8, 1]) false
(1956156160, [244, 51, 952, 8, 10]) false
(2122390874, [14, 7, 22, 390, 874]) false
(17888, [80, 211, 919, 6, 83]) true
(6350878370, [720, 7, 57, 7, 89, 8, 1, 2, 371]) false
(5455889563, [81, 9, 3, 9, 7, 748, 3]) false
(102, [7, 10, 3, 82]) true
(94821797128, [9, 474, 4, 3, 6, 834, 4, 4, 4, 4, 4]) false
(5891846934, [4, 7, 850, 9, 18, 3, 9, 7, 2, 936]) false
(286026, [9, 77, 28, 5, 62, 6, 13]) true
(317614, [6, 68, 74, 92, 821, 22]) true
(468024, [813, 80, 7, 65, 3, 8]) true
(1676819, [159, 13, 8, 97, 40, 6, 256]) false
(2683103744, [9, 1, 78, 6, 9, 8, 453, 1, 2, 80, 7]) false
(3877066, [24, 853, 39, 4]) false
(20088, [33, 97, 3, 425, 36]) true
(216166095, [4, 310, 2, 7, 5, 2, 8, 5, 23, 865]) true
(492008, [8, 93, 76, 6, 11]) false
(19498811, [19, 498, 6, 8, 12, 9]) false
(2029193249, [56, 4, 3, 69, 34, 38, 2, 7]) false
(10937475010, [6, 75, 63, 60, 7, 643, 10]) true
(26303224269, [3, 8, 9, 4, 7, 57, 3, 77, 2, 426, 9]) false
(73291559, [21, 2, 7, 7, 304, 3, 98, 258, 3]) false
(23451137730, [2, 35, 2, 38, 72, 394, 45]) false
(7819504, [99, 631, 51, 94, 35, 1, 69]) false
(71057172, [710, 564, 7, 30, 6, 36]) false
(7171080, [223, 938, 1, 772, 93, 8]) true
(8971, [14, 9, 5, 6, 1]) false
(1447891956, [560, 90, 57, 6, 9, 84]) true
(1419987030, [1, 3, 35, 4, 7, 83, 4, 1, 8, 47, 3]) false
(1212, [2, 7, 7, 1, 240]) false
(107, [7, 2, 35]) false
(207204486, [7, 8, 8, 548, 9, 84, 3, 80, 2, 6]) true
(176080, [97, 7, 84, 68, 20]) true
(6853476, [6, 7, 1, 97, 449, 2, 3]) false
(15084, [55, 600, 4, 849, 7]) false
(559994365, [671, 4, 488, 5, 4, 6, 6, 5, 9, 85]) true
(5694276, [4, 49, 642, 6, 679, 6, 93, 82]) false
(604564037, [7, 85, 14, 81, 77]) false
(485, [12, 35, 48, 1, 7, 3, 6]) true
(32095440083, [90, 780, 381, 12, 8, 3]) false
(4710071, [59, 61, 1, 79, 8, 8]) false
(173751142, [16, 96, 2, 413, 11, 42]) false
(97369, [162, 1, 8, 569, 70]) true
(293653920, [77, 696, 3, 8, 7, 6, 1, 265, 68]) true
(128726254202, [9, 7, 6, 5, 9, 1, 8, 8, 6, 3, 40, 85]) false
(8799, [8, 72, 7, 9]) false
(57550, [781, 6, 3, 59, 2, 21, 511, 9, 2]) true
(131405072, [8, 6, 8, 765, 2, 80, 7, 4, 40, 4]) false
(131174707, [4, 363, 7, 2, 49, 30, 7, 2]) false
(183458, [9, 33, 6, 89, 468]) false
(1406, [1, 9, 4, 21, 2, 9, 6, 7, 799, 84, 5]) true
(5952266, [49, 14, 317, 5, 94]) false
(74400042, [86, 865, 9, 9, 50, 95]) false
(510815048, [7, 1, 3, 706, 1, 436, 89, 77, 8]) false
(2196481428, [2, 9, 3, 4, 1, 5, 6, 4, 75, 3, 3, 428]) false
(727, [16, 39, 4, 97, 2]) true
(46563196, [41, 4, 471, 367, 725, 19, 9]) false
(14983776037, [4, 994, 592, 30, 36]) false
(985376, [6, 4, 63, 37, 6, 1, 4]) false
(4031429, [650, 31, 7, 13, 2, 3]) false
(430736587, [7, 3, 59, 36, 586]) false
(11125343793, [9, 9, 7, 9, 288, 4, 4, 9, 6, 99, 95]) false
(1274327083900, [576, 618, 590, 26, 85]) false
(2497, [1, 88, 80, 81, 7]) false
(280368, [1, 2, 5, 3, 9, 395, 49, 5, 3, 66]) true
(265499063, [4, 1, 5, 702, 1, 6, 9, 7, 7, 5, 8, 68]) false
(126364, [1, 6, 24, 7, 8, 9, 8, 90, 8, 76]) true
(322259269026, [5, 3, 75, 25, 4, 517, 28, 56]) false
(1981800309, [16, 4, 83, 912, 951]) false
(3697416, [260, 7, 949, 5, 3, 267]) true
(5390737515, [9, 5, 8, 28, 656, 5, 16, 547, 6]) false
(7303618, [72, 96, 7, 105, 515]) false
(1421983140, [4, 38, 8, 67, 8, 6, 1, 520, 9, 6, 4]) false
(2492, [26, 45, 2, 5, 60, 81, 2, 3, 1]) true
(11194052, [7, 6, 7, 5, 8, 9, 26, 67, 69, 919]) false
(114971376580, [934, 387, 51, 87, 65, 77]) false
(83308, [257, 40, 97, 8, 292]) true
(11903198209, [72, 4, 2, 5, 6, 33, 7, 6, 9, 8, 7, 71]) true
(14816, [6, 454, 3, 8, 4]) true
(33053, [7, 6, 5, 374, 83, 517]) true
(73001511142704, [338, 8, 1, 7, 665, 9, 96, 36, 9]) false
(180317, [22, 5, 3, 6, 317]) false
(17683526, [6, 4, 3, 1, 6, 2, 9, 4, 7, 5, 9, 227]) false
(14944227, [45, 453, 14, 3, 27]) false
(1956, [491, 518, 4, 2, 464, 476, 1]) true
(5064, [93, 45, 196, 5, 678]) true
(28619025776896, [7, 8, 48, 64, 8, 581, 231, 2, 8]) false
(882450, [84, 18, 814, 9, 1, 954]) true
(718755602387, [987, 98, 75, 7, 20, 851, 97]) false
(607718, [970, 7, 3, 31, 2, 2, 9, 9]) false
(10081961, [292, 792, 93, 74, 689]) false
(72242768, [528, 3, 27, 76, 9, 6]) false
(153305614525, [37, 6, 5, 6, 6, 661, 9, 81, 6, 2, 7]) false
(16300905, [41, 719, 8, 389, 24, 69]) true
(6956, [1, 6, 7, 49, 971, 4, 2, 6, 7, 709]) true
(82397, [7, 1, 22, 93, 6, 990, 5, 2, 7, 7]) false
(207456, [2, 4, 4, 8, 76, 8, 76, 81, 5, 6, 8]) true
(7366, [8, 92, 6]) false
(7382265744, [6, 7, 5, 6, 4, 5, 3, 8, 54, 5, 8, 438]) true
(1867, [3, 949, 2, 877, 36]) true
(262198, [8, 1, 9, 4, 5, 30, 12, 10, 3, 39, 1]) true
(2140, [6, 8, 719, 407, 928, 1, 3, 68]) true
(83351738, [20, 8, 799, 652, 58]) true
(166375650665, [603, 4, 5, 84, 821, 6, 66]) false
(147066357296, [7, 35, 3, 31, 784, 2, 4, 9, 6, 1]) false
(19865687, [9, 2, 1, 2, 91, 8, 124, 7, 499]) false
(693281633, [685, 7, 792, 489, 633]) false
(654, [4, 1, 43, 201, 7]) false
(27648, [1, 6, 8, 2, 108]) false
(1544409, [28, 8, 9, 6, 4, 4, 9, 3, 793, 9, 7, 9]) true
(2146603495, [3, 68, 29, 3, 9, 17, 99, 1, 59, 5]) false
(5292, [69, 4, 11, 7, 9]) true
(3949647, [393, 3, 25, 2, 67]) false
(1300935485058, [71, 5, 6, 62, 9, 94, 800, 6, 43]) false
(605416, [34, 9, 3, 3, 3, 40, 6, 6, 40, 8, 8]) true
(9567810, [433, 969, 36, 3, 454, 63]) true
(6662189364, [322, 19, 803, 365, 226, 6]) true
(803491510, [44, 938, 447, 1, 6, 4, 46]) false
(319315026, [841, 7, 413, 1, 437, 579]) true
(21535377, [655, 8, 87, 286, 323]) false
(18604826, [4, 11, 8, 5, 968, 8, 340, 1, 2, 9]) false
(184274, [5, 233, 774, 32, 24, 6]) true
(91162855, [479, 512, 289, 19, 7, 656]) false
(79, [7, 3, 8]) false
(20469390, [22, 4, 2, 7, 8, 67, 4, 2, 9, 1, 849]) false
(52122, [81, 68, 867, 3, 3, 51]) true
(114848, [188, 63, 45, 4, 97]) true
(15043698, [14, 7, 1, 6, 189, 56, 36, 9, 6, 9]) true
(1669, [216, 491, 4, 960, 1, 1]) false
(57407652, [389, 473, 6, 52, 519, 69]) true
(283080, [1, 599, 5, 6, 7, 50, 6, 5, 84]) true
(54899, [33, 94, 154, 967, 13]) true
(968081957, [27, 56, 386, 91, 939, 9]) false
(1824060251, [84, 84, 25, 86, 48, 200]) false
(343504, [80, 90, 4, 63, 98, 8]) true
(9406899360, [162, 927, 522, 3, 40]) true
(66, [6, 1, 60]) true
(665541148, [64, 478, 9, 91, 239]) false
(15220546, [1, 72, 147, 695, 46]) false
(16593192, [29, 5, 1, 342, 2, 87, 16, 86, 8]) true
(266660, [273, 120, 5, 2, 335]) true
(145411253, [7, 24, 3, 864, 52]) false
(1488898676, [74, 3, 4, 8, 3, 4, 31, 2, 46, 69, 4]) false
(204709132, [6, 78, 81, 2, 2, 3, 2, 3, 616, 7, 6]) false
(13168868667, [155, 944, 7, 63, 90]) false
(5211084, [94, 2, 36, 16, 2, 3, 15, 5, 9]) false
(239035, [7, 6, 196, 338, 697]) false
(79918080, [66, 9, 7, 159, 523, 8, 6, 86, 4]) true
(1824702, [2, 7, 48, 28, 921, 800, 701]) false
(131560, [5, 7, 2, 46, 5]) false
(14597440, [87, 29, 715, 8, 22]) true
(558656, [26, 65, 33, 95, 7]) false
(573, [9, 86, 3, 2, 3]) true
(6387481846, [29, 57, 4, 67, 20, 1, 3, 9, 4, 4, 8]) false
(17042, [5, 46, 55, 462, 3, 4]) false
(44168607, [988, 587, 2, 4, 701]) false
(273815126, [1, 11, 8, 327, 46, 31]) false
(7921498223, [7, 8, 98, 32, 3, 6, 1, 91, 1, 21, 9]) false
(2245608984, [249, 427, 85, 9, 897, 88]) false
(36458428589, [958, 6, 5, 9, 1, 7, 8, 2, 3, 6, 3, 7]) false
(24452, [2, 5, 7, 6, 75]) false
(462268, [17, 87, 548, 709, 1]) true
(1873904281746, [428, 41, 89, 54, 9, 9, 65, 9, 6]) false
(1518959335687, [1, 2, 728, 644, 5, 359, 2, 9, 7]) false
(3519, [4, 7, 5, 3, 5, 6, 4, 901, 16, 42, 6]) true
(329767, [916, 9, 40, 7]) true
(92006, [9, 64, 6, 3, 890, 9, 79, 9, 8]) true
(623659532, [2, 621, 659, 4, 1, 30]) false
(1158, [4, 6, 97, 8, 9]) false
(3111, [15, 1, 2, 83, 70, 17]) true
(19719070, [6, 1, 9, 7, 750, 7, 5, 8, 3, 10, 7, 1]) false
(44340, [9, 76, 512, 1, 91, 727, 3]) false
(82544, [2, 77, 67, 8, 1]) true
(8263903262559, [8, 5, 5, 9, 8, 811, 2, 2, 4, 9, 27, 6]) false
(157262143235, [8, 5, 39, 420, 714, 4, 6, 7, 5]) false
(104541876, [9, 675, 779, 1, 876]) false
(66225758971, [4, 2, 4, 6, 7, 8, 39, 82, 7, 8, 9, 3]) false
(666763201, [5, 11, 5, 54, 9, 600, 2, 6]) false
(1553118, [652, 6, 397, 41, 13]) true
(537907321, [572, 24, 94, 95, 785, 838]) false
(38295402, [851, 90, 79, 5, 7]) false
(1044, [81, 5, 6, 876, 77]) false
(4814391, [67, 24, 1, 716, 9]) false
(43347045, [405, 28, 409, 61, 48]) false
(14000704, [93, 965, 4, 39, 484]) true
(148494, [2, 7, 21, 706, 6, 4, 2, 1, 4, 2, 7]) false
(2087576160, [332, 859, 6, 4, 5, 61]) true
(39096, [52, 3, 9, 64, 74, 1, 58, 6, 18]) true
(93081385, [54, 1, 17, 23, 57, 387]) false
(438497, [650, 33, 5, 8, 90, 7, 8, 9]) true
(1957081, [46, 71, 771, 847, 564, 2]) false
(16973783, [1, 484, 443, 3, 79]) false
(58567835, [60, 7, 2, 1, 96, 6, 4, 5, 677, 9, 8]) false
(741152, [30, 43, 7, 27, 9]) false
(358872444, [6, 7, 6, 59, 7, 63, 6, 5, 37, 1, 1, 9]) false
(1356, [81, 54, 339, 1, 873, 8]) true
(579, [6, 7, 18, 515, 4]) true
(298964, [76, 1, 613, 3, 9, 9, 4, 4, 5, 6, 4, 5]) true
(7844, [1, 93, 5, 7, 74]) true
(35269280, [5, 925, 6, 79, 46, 80]) true
(101029, [117, 46, 422, 360, 65, 29]) false
(40800, [50, 4, 8, 25, 74, 8, 8, 3, 1, 1]) true
(458716, [48, 1, 695, 88, 1, 5, 2, 51, 7, 6]) true
(1706, [82, 9, 394, 563, 11]) true
(5516955400, [9, 7, 8, 2, 643, 30, 5, 7, 5, 55, 8]) true
(10841741, [90, 2, 6, 5, 440, 47, 9, 371, 8]) true
(819495, [1, 9, 6, 37, 805, 6, 2, 4, 9, 6, 7, 4]) false
(22154675400, [6, 70, 839, 55, 664, 663]) true
(972026, [9, 24, 45, 23, 3]) false
(5571, [9, 8, 8, 28, 6, 8, 8, 3, 9, 6, 609]) true
(82367, [2, 91, 2, 5, 44, 79, 709, 399]) false
(10764106835, [85, 421, 5, 76, 43, 586]) false
(690914026, [94, 98, 187, 75, 2]) false
(324456, [3, 1, 926, 42, 517, 980, 8]) true
(9979753, [37, 425, 4, 6, 1, 9, 7, 28, 430]) false
(1214098609828, [246, 768, 984, 9, 964, 5, 5]) false
(5445415212, [789, 29, 85, 93, 665, 864]) false
(232925769, [800, 5, 86, 417, 57]) false
(3562762, [649, 68, 88, 85, 69, 40]) false
(3024072, [25, 79, 4, 6, 6, 87, 6, 6, 7, 8, 9]) true
(171632276, [439, 9, 39, 71, 27, 6]) false
(2878475, [533, 6, 21, 9, 84, 1]) false
(250064836, [6, 8, 884, 745, 32, 388, 49]) true
(71568, [7, 669, 993, 35, 42]) true
(10740, [94, 6, 7, 31, 9]) false
(130429634, [96, 347, 7, 4, 7, 3, 264, 8, 6]) false
(142560, [137, 1, 1, 4, 561]) false
(268464239294, [725, 57, 9, 37, 925, 7, 39]) false
(14844538, [34, 6, 4, 330, 6, 742, 71]) false
(2280, [74, 7, 47, 5, 4]) true
(194958990, [215, 11, 6, 924, 41, 86]) false
(525871833413, [72, 7, 249, 83, 3, 2, 2, 6, 7, 5, 2]) false
(2133354176, [5, 553, 92, 9, 857, 80]) false
(825900, [103, 89, 9, 56, 1, 30, 3]) false
(100662626858, [2, 2, 3, 253, 22, 93, 82, 8, 58]) false
(20442464, [2, 8, 8, 2, 1, 3, 7, 9, 8, 5, 94, 2]) false
(4177, [56, 1, 71, 189, 9]) false
(13529345, [2, 7, 5, 29, 344]) false
(41013168737, [422, 729, 7, 14, 7, 99, 464]) false
(1461696, [2, 2, 13, 2, 28, 98]) false
(6768366264, [450, 99, 82, 67, 6, 374]) true
(3301, [4, 5, 363, 26, 8]) true
(1856, [3, 4, 3, 8, 7, 680]) true
(622356, [4, 9, 8, 6, 5, 2, 470, 5, 48, 963]) true
(901318, [997, 549, 583]) true
(11093355, [6, 64, 3, 39, 735]) true
(3786516180217, [3, 4, 8, 8, 744, 2, 28, 594, 9, 7]) false
(1122417, [2, 58, 4, 69, 93]) false
(12192, [43, 337, 5, 48, 6, 2, 81, 421]) true
(137093, [340, 7, 469, 168, 5]) true
(200046, [7, 21, 15, 7, 91, 66]) true
(974926680, [6, 103, 53, 487, 78, 60]) false
(237, [1, 3, 9, 66, 3]) true
(767748, [2, 1, 1, 22, 734, 934]) true
(1185073, [3, 5, 28, 9, 4, 103, 9, 7, 62, 5]) true
(194340763406, [4, 86, 4, 1, 3, 1, 4, 8, 1, 6, 918, 3]) false
(437870620, [973, 5, 153, 76, 9, 9]) false
(1915429459948, [31, 529, 9, 7, 56, 274, 75, 9]) false
(129448447, [1, 84, 92, 635, 7]) false
(2404856, [20, 481, 8, 6, 53]) false
(100356, [9, 75, 2, 3, 6, 97, 792, 8, 34]) true
(34368, [28, 7, 55, 3, 30, 53, 2, 3, 96]) true
(3053309, [812, 6, 4, 626, 933]) true
(580957, [7, 4, 545, 7, 955]) false
(75514741, [32, 3, 959, 4, 210]) false
(516123688, [5, 84, 28, 844, 52, 808]) true
(6404552, [679, 393, 8, 6, 8, 4]) true
(26248222, [3, 8, 78, 1, 91, 7, 22]) true
(230699, [24, 12, 35, 8, 21]) false
(48214854, [7, 48, 8, 4, 6, 25, 210, 9, 97, 9]) false
(356308408569, [2, 5, 3, 59, 444, 9, 55, 3, 67]) false
(152001, [5, 4, 87, 5, 1, 87, 8, 51, 34, 6, 1]) true
(2375050, [47, 15, 912, 3, 7, 2, 3, 76]) true
(2083231, [7, 24, 4, 9, 205, 76, 3, 4, 6, 9]) false
(70434168, [623, 345, 460, 327, 3]) true
(256778, [48, 419, 5, 544, 10]) true
(17127218, [428, 4, 716, 8, 48]) false
(194256, [4, 9, 1, 32, 186, 93, 4, 3, 1, 9]) true
(9170, [555, 7, 627, 645, 5]) true
(603471374, [7, 862, 710, 3, 75]) false
(5315744, [29, 45, 799, 8, 3, 2, 19, 4, 4, 2]) false
(28950089840, [81, 9, 6, 42, 8, 6, 5, 898, 39]) false
(1899345324, [74, 538, 6, 9, 2, 31, 57, 69]) false
(25580, [1, 1, 4, 1, 8, 3, 2, 4, 915, 1, 657]) false
(517756140, [127, 71, 33, 4, 87, 5]) true
(11559915144139, [231, 5, 4, 5, 915, 144, 139]) false
(458808984, [31, 456, 575, 941, 909]) false
(1156, [9, 16, 35, 106, 3, 867, 1]) true
(158001, [7, 305, 140, 2, 8, 342]) false
(591572808, [4, 6, 42, 9, 7, 8, 19, 4, 8, 4, 27, 6]) true
(142291625, [9, 88, 3, 406, 8, 16, 6, 41]) false
(10118, [20, 42, 38, 64, 54]) false
(272079360, [140, 8, 85, 21, 48, 224]) true
(4729, [44, 2, 48, 5, 38, 6, 944, 9, 8]) true
(620, [5, 187, 5, 3, 29]) true
(45980860320, [770, 51, 89, 90, 76, 92]) true
(18984313, [224, 2, 120, 7, 17, 299]) false
(1621080, [7, 4, 8, 42, 3, 804, 60, 6]) true
(816, [5, 82, 88, 312, 5]) false
(126656112, [4, 4, 4, 2, 6, 17, 31, 4, 2, 66, 4, 1]) false
(4956502311, [71, 24, 7, 658, 695]) false
(600688282, [1, 81, 3, 1, 1, 8, 1, 21, 5, 7, 8, 2]) false
(349496, [54, 20, 65, 967, 316]) true
(18120, [9, 169, 92, 33, 58, 544]) false
(2076065, [5, 1, 91, 94, 8, 3, 3]) false
(387582752, [3, 6, 2, 441, 484, 97, 997, 2]) false
(43236, [9, 4, 31, 4, 7, 7, 3, 72, 5, 31, 1, 5]) true
(5185259, [637, 1, 814, 9, 70]) false
(438, [7, 2, 4, 1, 3]) false
(163296554683, [36, 81, 56, 554, 682]) false
(2638, [86, 8, 629, 2, 4]) true
(370152, [9, 6, 5, 241, 2, 5, 2, 2, 7, 8, 9]) true
(252671, [128, 195, 305, 3, 15]) false
(73033867008, [409, 816, 47, 776, 6]) true
(12385, [4, 277, 2, 576, 82, 4, 1, 888]) true
(683, [87, 3, 3, 8, 582]) true
(412633, [4, 91, 37, 4, 56, 2, 560, 5, 8]) false
(74802, [385, 2, 97, 36, 76]) true
(6077322, [53, 982, 1, 7, 648, 37, 1, 5, 9]) true
(507574876, [13, 5, 372, 574, 876]) false
(14321123, [2, 7, 2, 741, 1, 464, 4, 7, 476]) false
(97916488, [84, 979, 466, 9, 4, 5, 64, 6, 1]) false
(25856656, [6, 570, 67, 335, 7, 2, 2]) true
(353544, [64, 6, 8, 9, 15, 731]) false
(5737365612, [35, 541, 2, 303, 14]) false
(2897665008, [4, 7, 8, 875, 8, 7, 7, 9, 8, 12, 2, 6]) true
(867866972593, [867, 866, 97, 2, 560, 32, 1]) false
(627660, [31, 513, 384, 324, 3]) true
(247956255509, [247, 1, 95, 6, 2, 4, 9, 6, 510]) false
(3593202616, [5, 987, 6, 8, 6, 8, 9, 73, 6, 1, 6]) false
(5690, [8, 9, 63, 71, 9]) false
(1814772, [454, 2, 111, 9, 2, 11, 577]) true
(471955, [79, 339, 4, 5, 221, 24, 5]) true
(14081166, [6, 735, 106, 8, 19]) false
(101338037917, [536, 18, 7, 5, 2, 8, 3, 6, 13, 9, 5]) false
(5873208005, [3, 2, 6, 23, 5, 1, 7, 2, 3, 60, 8, 5]) false
(11415228, [364, 6, 18, 8, 648, 60]) true
(16633, [7, 6, 4, 978, 7]) true
(39318, [433, 6, 6, 260, 50, 1, 52, 2, 4]) true
(441012, [6, 7, 5, 84, 282, 1, 8, 1, 42, 7, 2]) false
(184115700, [5, 661, 75, 97, 38]) true
(105393, [1, 7, 2, 539, 5]) false
(39612, [747, 2, 84, 5, 56, 6, 3, 8, 3, 60]) true
(9082523, [94, 91, 2, 2, 607, 991, 8]) true
(22752200452, [9, 4, 6, 2, 4, 60, 67, 133, 452]) false
(16732245, [4, 8, 43, 641, 9, 21, 36]) false
(6789, [699, 8, 620, 577, 1]) true
(272043, [711, 1, 6, 912, 167]) true
(960249, [583, 549, 7, 7, 3, 6, 1]) true
(9381848, [121, 7, 25, 29, 371]) true
(1476, [48, 147, 85, 5, 76]) true
(326673018, [43, 1, 9, 92, 5, 688, 90, 1, 7, 1]) false
(17526, [84, 851, 4, 813, 6]) false
(77447, [4, 7, 781, 9, 34, 3, 1, 5, 72, 7, 9]) false
(17111462255950, [97, 9, 6, 47, 139, 235, 950]) false
(17181223089, [149, 59, 118, 604, 4, 7, 9, 3]) false
(11586, [6, 52, 4, 6, 7, 241, 1, 7, 99]) true
(2716391, [4, 6, 2, 65, 54, 1, 3, 95, 9, 56]) true
(3432106, [4, 3, 4, 3, 2, 712, 17, 9, 8, 1, 1, 1]) false
(587300, [2, 698, 839]) true
(6752480, [67, 51, 65, 74, 10, 88]) false
(21109821785, [3, 88, 2, 60, 55, 2, 7, 5, 754, 9]) false
(124648991, [398, 647, 869, 6, 52]) false
(1116032879, [5, 5, 37, 4, 2, 603, 1, 3, 79]) false
(195581, [99, 27, 73, 446, 6]) true
(127109, [2, 4, 160, 9, 7, 6, 66, 4, 9, 96, 5]) true
(308350, [42, 1, 5, 17, 82, 350]) true
(361771787, [888, 582, 1, 6, 6, 7, 7, 48]) false
(19878, [6, 420, 683, 110, 6]) true
(304, [2, 4, 28, 1, 80]) true
(147574, [5, 59, 5, 68, 4]) false
(2448810, [409, 53, 4, 21, 5, 53, 4, 7, 9]) true
(719716, [6, 389, 64, 196, 8, 4]) true
(1732728, [8, 2, 4, 3, 5, 940, 8, 39, 9, 43]) true
(24551999152, [2, 90, 783, 428, 1, 46, 554]) false
(57836, [3, 68, 8, 2, 27, 5, 9]) false
(134278200849, [2, 3, 6, 45, 8, 7, 520, 7, 5, 848]) false
(79939703763, [4, 6, 2, 7, 5, 4, 1, 4, 3, 29, 83, 9]) false
(52137948672, [931, 436, 534, 31, 3, 8, 96]) true
(9726654, [77, 6, 98, 747, 6, 654]) false
(122932620, [135, 57, 102, 9, 986, 634]) false
(262217569, [73, 8, 7, 7, 5, 9, 5, 29, 603, 1, 3]) true
(32941, [6, 5, 2, 9, 2, 990, 6, 8, 4, 1, 6, 7]) true
(65761, [8, 4, 8, 685, 1]) true
(71664, [7, 1, 61, 5, 4]) false
(30188691225, [147, 720, 595, 495, 573]) true
(534605, [9, 25, 24, 99, 8]) false
(22307765, [367, 262, 29, 8, 37]) true
(123232, [485, 131, 1, 5, 2]) false
(179429560, [76, 35, 30, 235, 9]) false
(67914, [7, 4, 30, 6, 6, 137, 27, 4, 2, 6]) true
(107951753, [6, 7, 257, 5, 6, 61, 56]) false
(5783045, [691, 62, 8, 96, 6]) false
(730398027, [5, 81, 1, 57, 2, 5, 149, 27]) false
(134916360, [4, 195, 27, 9, 93, 6, 5, 30]) true
(3272988, [239, 88, 110, 188, 6]) false
(5886141, [318, 522, 87, 7, 7]) false
(813650145, [81, 300, 526, 4, 406, 158]) false
(420840, [5, 3, 827, 3, 7, 68, 532]) false
(8512852864405, [5, 5, 224, 5, 6, 1, 4, 3, 8, 76, 1, 5]) false
(38682, [247, 2, 5, 8, 436, 3]) false
(5256, [4, 71, 7, 6]) false
(321720, [30, 7, 702, 2, 5, 26, 2, 7, 5]) true
(70454400, [2, 3, 7, 2, 98, 614, 4, 2, 82, 4, 8]) false
(154909476, [396, 5, 9, 64, 654, 96, 1, 6, 6]) false
(12480617, [2, 5, 52, 24, 617]) false
(132691, [1, 73, 767]) false
(10245752, [13, 69, 62, 7, 124, 7]) false
(36484493, [6, 1, 5, 705, 8, 9, 77, 9, 8, 1, 7, 3]) true
(14420234120, [79, 65, 202, 341, 23]) false
(1440, [9, 1, 6, 128, 1, 8]) false
(907648961, [7, 1, 83, 248, 1, 7, 4, 995, 1, 1]) false
(38653398, [66, 23, 7, 3, 9, 1, 78, 9, 139, 2]) false
(812462401, [434, 26, 188, 6, 72, 12]) false
(3451, [9, 1, 3, 4, 7, 3, 9, 56, 2, 4, 395, 7]) true
(12856859, [29, 4, 1, 56, 435]) false
(18345048481, [925, 491, 187, 51, 4, 6, 9, 4]) false
(14362270, [51, 7, 926, 3, 7]) false
(145899018, [751, 1, 98, 891, 2, 7, 978]) true
(599135437, [22, 19, 9, 3, 5, 436]) false
(36110793601, [398, 30, 6, 8, 56, 9, 600]) false
(2444762940, [710, 427, 384, 3, 21]) false
(141178320, [62, 52, 44, 5, 1, 8, 3, 3, 6, 8, 3, 5]) true
(17031, [5, 34, 28]) false
(469049041, [7, 2, 180, 7, 2, 4, 6, 43, 5, 6, 9, 1]) false
(200611, [2, 31, 67, 8, 90, 901]) true
(59903676, [119, 660, 18, 30, 87, 49]) true
(904348, [3, 7, 9, 1, 3, 993, 352]) false
(32426911445, [58, 243, 154, 83, 5, 36, 5]) true
(8159988, [3, 513, 57, 5, 53]) false
(264192030, [61, 96, 4, 2, 81, 58, 345]) true
(47245, [1, 3, 4, 2, 8, 8, 973, 28, 4, 5, 8, 5]) true
(4019, [6, 8, 5, 66, 29, 75]) true
(1908535419, [20, 1, 2, 5, 4, 13, 8, 1, 2, 491, 9]) false
(63495761472, [7, 8, 8, 5, 522, 1, 53, 1, 2, 724]) false
(974547, [2, 2, 5, 6, 9, 1, 6, 7, 4, 82, 651]) true
(8464945, [8, 1, 33, 4, 1, 5, 8, 697, 71, 8, 9]) true
(35191519, [7, 4, 301, 173, 9, 3, 6, 1, 43]) false
(3809988720, [2, 82, 4, 610, 890, 354, 6, 2]) false
(1974, [930, 24, 9, 25, 2]) false
(19950132400, [68, 50, 319, 34, 541]) true
(116117283, [59, 6, 855, 466, 80, 3]) false
(7105321381, [2, 94, 37, 660, 679, 9, 2, 1, 2]) false
(200055003120, [16, 61, 64, 8, 41, 9, 6, 85]) false
(7052183817, [7, 8, 197, 905, 2, 44, 2, 8, 3, 7]) false
(30619382, [4, 4, 5, 588, 10, 8, 3, 9, 4, 1, 1, 4]) false
(49486383, [8, 3, 737, 3, 40, 61, 745, 1]) false
(3059155939, [6, 978, 548, 92, 8]) false
(17913, [5, 9, 198, 5, 21, 2, 1, 8, 9, 23]) true
(2322270, [6, 6, 7, 30, 9, 915]) true
(864437011221, [78, 42, 3, 6, 16, 190, 6, 9, 3, 7]) false
(9824074336, [982, 399, 8, 433, 5, 1]) false
(172953218, [6, 90, 87, 334, 62]) false
(3416363, [7, 4, 6, 7, 476, 5, 3, 5, 7, 957, 1]) true
(3482929737, [73, 1, 6, 4, 47, 2, 2, 1, 8, 737]) false
(143276320, [43, 7, 595, 4, 80]) false
(6399648, [247, 75, 207, 96, 775, 89]) true
(171394, [63, 32, 85, 6, 28]) true
(6163474, [11, 56, 25, 9, 74, 1]) false
(9740881928, [493, 4, 4, 320, 11, 4, 348, 8]) true
(282630796, [7, 5, 927, 4, 871, 3]) false
(5329, [54, 468, 7, 9, 95]) false
(198832303516, [473, 41, 6, 1, 4, 1, 7, 88, 7]) false
(1592, [44, 34, 9, 80, 5]) false
(78037377, [86, 7, 9, 66, 27, 746, 4]) false
(1435, [8, 6, 63, 94, 7]) true
(330759891, [50, 66, 7, 598, 91]) false
(201052210549, [9, 5, 5, 1, 525, 9, 4, 8, 2, 5, 5, 46]) false
(1625512034997, [61, 50, 20, 835, 17, 1, 931]) false
(531193971, [4, 3, 57, 7, 12, 939, 69]) false
(8729765, [8, 4, 241, 515, 67]) true
(3361296, [6, 78, 500, 2, 3, 8, 239]) true
(2575584850, [398, 2, 66, 813, 7, 6, 4, 1, 1, 2]) false
(77725723, [61, 2, 942, 920, 129, 313]) false
(1303, [9, 57, 119, 7, 8]) true
(12121579, [37, 252, 2, 9, 13]) false
(1332800, [74, 9, 2, 796, 4]) false
(525202, [22, 19, 22, 6, 1, 57, 589, 99]) true
(6420440, [2, 5, 1, 7, 7, 6, 8, 4, 3, 76, 65]) false
(97021540, [87, 3, 97, 2, 153, 7, 1]) false
(4553395, [9, 35, 61, 92, 395]) false
(34433, [819, 1, 6, 5, 7]) true
(350904680, [2, 8, 8, 207, 453, 8, 4, 1, 6]) false
(1767, [2, 76, 10, 95, 58, 94]) true
(841148, [36, 8, 473, 148]) false
(140428093859, [9, 197, 4, 9, 2, 9, 5, 4, 2, 5, 55, 9]) false
(1935426374140, [82, 59, 5, 65, 9, 351, 1, 4, 96]) false
1260041994799
